,UNITID,OPEID,OPEID6,INSTNM,AGEGE24,PCT_WHITE,PCT_BLACK,PCT_ASIAN,PCT_HISPANIC,PCT_BA,PCT_GRAD_PROF,PCT_BORN_US,MEDIAN_HH_INC,POVERTY_RATE,UNEMP_RATE,LN_MEDIAN_HH_INC,COUNT_NWNE_P10,COUNT_WNE_P10,MN_EARN_WNE_P10,MD_EARN_WNE_P10,PCT10_EARN_WNE_P10,PCT25_EARN_WNE_P10,PCT75_EARN_WNE_P10,PCT90_EARN_WNE_P10,SD_EARN_WNE_P10,COUNT_WNE_INC1_P10,COUNT_WNE_INC2_P10,COUNT_WNE_INC3_P10,COUNT_WNE_INDEP0_INC1_P10,COUNT_WNE_INDEP0_P10,COUNT_WNE_INDEP1_P10,COUNT_WNE_MALE0_P10,COUNT_WNE_MALE1_P10,GT_25K_P10,MN_EARN_WNE_INC1_P10,MN_EARN_WNE_INC2_P10,MN_EARN_WNE_INC3_P10,MN_EARN_WNE_INDEP0_INC1_P10,MN_EARN_WNE_INDEP0_P10,MN_EARN_WNE_INDEP1_P10,MN_EARN_WNE_MALE0_P10,MN_EARN_WNE_MALE1_P10,COUNT_NWNE_P6,COUNT_WNE_P6,MN_EARN_WNE_P6,MD_EARN_WNE_P6,PCT10_EARN_WNE_P6,PCT25_EARN_WNE_P6,PCT75_EARN_WNE_P6,PCT90_EARN_WNE_P6,SD_EARN_WNE_P6,COUNT_WNE_INC1_P6,COUNT_WNE_INC2_P6,COUNT_WNE_INC3_P6,COUNT_WNE_INDEP0_INC1_P6,COUNT_WNE_INDEP0_P6,COUNT_WNE_INDEP1_P6,COUNT_WNE_MALE0_P6,COUNT_WNE_MALE1_P6,GT_25K_P6,MN_EARN_WNE_INC1_P6,MN_EARN_WNE_INC2_P6,MN_EARN_WNE_INC3_P6,MN_EARN_WNE_INDEP0_INC1_P6,MN_EARN_WNE_INDEP0_P6,MN_EARN_WNE_INDEP1_P6,MN_EARN_WNE_MALE0_P6,MN_EARN_WNE_MALE1_P6,COUNT_NWNE_P7,COUNT_WNE_P7,MN_EARN_WNE_P7,SD_EARN_WNE_P7,GT_25K_P7,COUNT_NWNE_P8,COUNT_WNE_P8,MN_EARN_WNE_P8,MD_EARN_WNE_P8,PCT10_EARN_WNE_P8,PCT25_EARN_WNE_P8,PCT75_EARN_WNE_P8,PCT90_EARN_WNE_P8,SD_EARN_WNE_P8,GT_25K_P8,COUNT_NWNE_P9,COUNT_WNE_P9,MN_EARN_WNE_P9,SD_EARN_WNE_P9,GT_25K_P9,GT_28K_P10,GT_28K_P8,GT_28K_P6
1575,166027,215500,2155,Harvard University,0.49000000953674,74.0800018310547,10.2799997329711,7.40000009536743,11.9099998474121,22.8099994659423,17.3999996185302,81.3099975585937,76879.55,7.76999998092651,3.46000003814697,11.1700000762939,212.0,1701.0,139100.0,89700.0,24700.0,55000.0,166800.0,250000.0,153200.0,729.0,554.0,418.0,157.0,651.0,1050.0,964.0,737.0,0.904,135000.0,135600.0,150800.0,118600.0,135000.0,141600.0,111100.0,175600.0,192.0,1619.0,91300.0,70300.0,18800.0,45100.0,111300.0,233800.0,79200.0,687.0,631.0,301.0,136.0,612.0,1007.0,885.0,734.0,0.875,89100.0,94700.0,89400.0,84400.0,71700.0,103200.0,81100.0,103600.0,162.0,1537.0,113600.0,118200.0,0.8698763847351,250.0,2014.0,123700.0,84100.0,19200.0,50900.0,157900.0,250000.0,122400.0,0.87,214.0,1840.0,123000.0,127000.0,0.87880432605743,0.892,0.869,0.869
938,144050,177400,1774,University of Chicago,0.31000000238418,76.0999984741211,11.2299995422363,5.26000022888183,10.8100004196167,21.8099994659423,15.0900001525878,85.0800018310547,74573.19,7.23999977111816,3.34999990463256,11.1499996185302,164.0,1408.0,103000.0,68100.0,16700.0,43900.0,120800.0,195000.0,113200.0,518.0,400.0,490.0,87.0,795.0,613.0,746.0,662.0,0.858,110000.0,104300.0,94600.0,70000.0,83400.0,128500.0,86400.0,121700.0,100.0,1083.0,72100.0,54300.0,11900.0,33200.0,85200.0,160400.0,73500.0,374.0,273.0,436.0,100.0,736.0,347.0,595.0,488.0,0.831,74800.0,78800.0,65500.0,48600.0,60400.0,97000.0,62400.0,83900.0,143.0,1166.0,80500.0,90700.0,0.82075470685958,140.0,1361.0,89700.0,61300.0,14600.0,40300.0,100100.0,182200.0,97500.0,0.84,148.0,1014.0,87800.0,98700.0,0.83826428651809,0.859,0.844,0.805
637,130794,142600,1426,Yale University,0.34999999403953,73.4300003051757,11.2399997711181,6.59999990463257,12.4099998474121,22.2199993133544,16.25,82.5400009155273,75345.96,7.76999998092651,3.52999997138977,11.1499996185302,147.0,1347.0,124400.0,83200.0,15400.0,52200.0,153300.0,184800.0,136200.0,575.0,334.0,438.0,94.0,620.0,727.0,670.0,677.0,0.894,123400.0,126400.0,124100.0,109100.0,111000.0,135700.0,100200.0,148300.0,61.0,730.0,67800.0,56600.0,14000.0,32400.0,88200.0,142100.0,53400.0,306.0,201.0,223.0,82.0,489.0,241.0,353.0,377.0,0.828,67800.0,65900.0,69600.0,59000.0,62100.0,79300.0,64900.0,70500.0,96.0,1169.0,93200.0,95300.0,0.83661246299743,98.0,1016.0,97100.0,72400.0,18600.0,45000.0,115500.0,205400.0,99800.0,0.875,99.0,908.0,88700.0,100800.0,0.83590310811996,0.875,0.861,0.786
4026,243744,130500,1305,Stanford University,0.28999999165534,69.6900024414062,8.07999992370605,9.93000030517578,16.1299991607666,23.0599994659423,16.5200004577636,79.9000015258789,80275.59,7.55000019073486,3.45000004768371,11.2200002670288,116.0,1120.0,141300.0,94000.0,22500.0,57000.0,164000.0,232800.0,156700.0,372.0,296.0,452.0,153.0,717.0,403.0,508.0,612.0,0.908,134300.0,135300.0,151000.0,120900.0,111300.0,194700.0,110900.0,166600.0,69.0,1050.0,92800.0,70400.0,18700.0,41600.0,112800.0,214600.0,98100.0,339.0,317.0,394.0,141.0,799.0,251.0,517.0,533.0,0.871,97300.0,83000.0,96700.0,62900.0,79600.0,134600.0,75800.0,109200.0,110.0,1157.0,98600.0,98300.0,0.85911840200424,107.0,1204.0,121400.0,90000.0,19100.0,53700.0,146800.0,228300.0,129700.0,0.893,118.0,1054.0,109000.0,124100.0,0.88709676265716,0.912,0.88,0.841
3149,215062,337800,3378,University of Pennsylvania,0.33000001311302,75.1999969482422,12.6899995803833,6.17000007629394,8.26000022888183,21.9300003051757,15.9300003051757,84.7900009155273,78252.0,7.01000022888183,3.40000009536743,11.1800003051757,299.0,2777.0,131600.0,85900.0,22700.0,55100.0,151600.0,236200.0,147600.0,866.0,717.0,1194.0,234.0,1604.0,1173.0,1525.0,1252.0,0.907,113100.0,119900.0,152000.0,112700.0,124900.0,140800.0,102300.0,167300.0,219.0,2275.0,91200.0,71600.0,23500.0,45400.0,108000.0,191500.0,80000.0,674.0,601.0,1000.0,175.0,1370.0,905.0,1231.0,1044.0,0.897,77700.0,92100.0,99900.0,69200.0,85600.0,99800.0,75800.0,109500.0,240.0,2370.0,102200.0,110500.0,0.88143461942672,251.0,2717.0,107800.0,76700.0,24100.0,52100.0,123800.0,224500.0,113600.0,0.904,242.0,2345.0,104600.0,115800.0,0.88784646987915,0.909,0.896,0.878
2530,198419,292000,2920,Duke University,0.20999999344348,76.370002746582,13.579999923706,4.51999998092651,8.61999988555908,22.9500007629394,15.0900001525878,86.5999984741211,78468.48,6.34999990463257,3.01999998092651,11.1899995803833,107.0,1363.0,114500.0,84400.0,25900.0,53300.0,134500.0,216800.0,112400.0,377.0,361.0,625.0,102.0,929.0,434.0,709.0,654.0,0.916,121600.0,108000.0,113900.0,92500.0,106800.0,131000.0,100700.0,129400.0,89.0,1385.0,93200.0,76300.0,19700.0,46000.0,117100.0,176900.0,78900.0,515.0,364.0,506.0,74.0,731.0,654.0,718.0,667.0,0.885,98500.0,87000.0,92300.0,55100.0,77000.0,111300.0,76100.0,111600.0,90.0,1016.0,95000.0,105500.0,0.85531497001647,82.0,1291.0,103200.0,77400.0,20500.0,50600.0,127600.0,190700.0,102200.0,0.903,96.0,1083.0,101100.0,99400.0,0.89473682641983,0.916,0.898,0.874
1489,162928,207700,2077,Johns Hopkins University,0.34999999403953,75.6999969482422,12.4600000381469,6.07000017166137,7.73999977111816,22.5400009155273,16.0200004577636,85.8099975585937,81539.46,6.17999982833862,3.03999996185302,11.2299995422363,143.0,1560.0,89300.0,73200.0,23400.0,51100.0,107700.0,148600.0,71400.0,476.0,387.0,697.0,64.0,875.0,685.0,887.0,673.0,0.898,106100.0,81000.0,82600.0,74100.0,78500.0,103200.0,83500.0,97100.0,119.0,1242.0,68000.0,62700.0,16900.0,39200.0,88000.0,108900.0,50800.0,347.0,305.0,590.0,59.0,777.0,465.0,704.0,538.0,0.875,68600.0,65400.0,68900.0,49200.0,63500.0,75300.0,62800.0,74700.0,124.0,1111.0,69300.0,46500.0,0.85058504343032,127.0,1466.0,78400.0,69300.0,19700.0,46900.0,97500.0,127800.0,58300.0,0.867,97.0,1094.0,79700.0,65000.0,0.87751370668411,0.897,0.866,0.836
1037,147767,173900,1739,Northwestern University,0.23999999463558,78.0199966430664,9.15999984741211,6.05000019073486,9.85999965667724,24.0599994659423,16.0200004577636,84.7600021362304,81811.63,6.0,3.04999995231628,11.25,168.0,1899.0,93400.0,69000.0,16800.0,46600.0,109800.0,173600.0,92200.0,515.0,501.0,883.0,166.0,1298.0,601.0,1084.0,815.0,0.876,99900.0,89100.0,92000.0,78100.0,82500.0,117000.0,81900.0,108600.0,159.0,1845.0,71900.0,58900.0,15200.0,37900.0,86200.0,118400.0,58100.0,458.0,472.0,915.0,133.0,1261.0,584.0,1036.0,809.0,0.848,70100.0,74500.0,71500.0,51500.0,61500.0,94600.0,65600.0,80000.0,163.0,1606.0,73300.0,75700.0,0.83250313997268,165.0,2018.0,82800.0,63700.0,15700.0,41800.0,97500.0,149500.0,77400.0,0.844,171.0,1612.0,78800.0,80500.0,0.84677422046661,0.865,0.854,0.835
653,131496,144500,1445,Georgetown University,0.28999999165534,75.3499984741211,11.4399995803833,5.90999984741211,11.0299997329711,22.9200000762939,17.1599998474121,83.2300033569336,82187.36,6.53999996185302,3.08999991416931,11.2399997711181,203.0,1811.0,125200.0,93500.0,28500.0,58500.0,156500.0,221900.0,111600.0,582.0,410.0,819.0,110.0,1121.0,690.0,1034.0,777.0,0.93,150200.0,116700.0,111700.0,102700.0,105100.0,157900.0,106000.0,150800.0,117.0,1345.0,81100.0,65200.0,23300.0,44200.0,95500.0,179900.0,67000.0,403.0,311.0,631.0,128.0,935.0,410.0,734.0,611.0,0.867,92700.0,76000.0,76100.0,72800.0,72500.0,100600.0,72800.0,91000.0,146.0,1597.0,95600.0,77400.0,0.89605510234832,144.0,1562.0,101400.0,78400.0,23500.0,54000.0,127600.0,208500.0,78500.0,0.918,137.0,1294.0,101400.0,92300.0,0.90880990028381,0.927,0.912,0.869
497,123961,132800,1328,University of Southern California,0.25999999046325,64.3300018310547,6.34000015258789,12.8500003814697,23.3700008392334,21.0699996948242,12.7399997711181,73.5500030517578,76787.41,8.75,3.67000007629394,11.1800003051757,499.0,5153.0,88800.0,74000.0,15800.0,45600.0,113200.0,143900.0,73500.0,2067.0,1259.0,1827.0,692.0,3376.0,1777.0,2890.0,2263.0,0.862,97700.0,85800.0,80900.0,72500.0,78000.0,109400.0,81200.0,98600.0,291.0,3564.0,61400.0,53800.0,13500.0,33400.0,77900.0,125100.0,63200.0,1010.0,892.0,1662.0,480.0,3026.0,538.0,1881.0,1683.0,0.811,66500.0,58700.0,59800.0,55200.0,60400.0,67500.0,54900.0,68700.0,440.0,4272.0,68800.0,58200.0,0.83567416667938,346.0,3936.0,76900.0,64700.0,15800.0,40400.0,93900.0,139100.0,71500.0,0.842,493.0,4434.0,72800.0,57100.0,0.8364907503128,0.856,0.834,0.798
1640,168148,221900,2219,Tufts University,0.25,80.8000030517578,7.94999980926513,5.34999990463256,8.05000019073486,23.0,17.5400009155273,84.5,82793.69,6.11999988555908,3.05999994277954,11.25,109.0,1119.0,103300.0,75800.0,21600.0,51400.0,119000.0,170300.0,100000.0,348.0,237.0,534.0,101.0,799.0,320.0,624.0,495.0,0.89,135600.0,97400.0,84800.0,86100.0,82000.0,156400.0,91600.0,118000.0,73.0,859.0,56600.0,51200.0,18500.0,33600.0,73100.0,133100.0,38200.0,214.0,193.0,452.0,57.0,747.0,112.0,449.0,410.0,0.831,62000.0,52100.0,56000.0,54100.0,53600.0,77100.0,52000.0,61700.0,80.0,784.0,63500.0,57800.0,0.83801019191741,95.0,974.0,84800.0,65500.0,18000.0,46600.0,100200.0,125100.0,73000.0,0.904,76.0,881.0,84800.0,86100.0,0.89330303668975,0.903,0.884,0.797
2381,193900,278500,2785,New York University,0.12999999523162,74.1500015258789,10.1099996566772,7.51000022888183,12.079999923706,21.6700000762939,15.4499998092651,78.7200012207031,82106.43,7.40000009536743,3.28999996185302,11.2399997711181,640.0,5497.0,78600.0,61900.0,12900.0,37100.0,93600.0,145300.0,82100.0,1266.0,1407.0,2824.0,694.0,4629.0,868.0,3440.0,2057.0,0.819,76100.0,74200.0,81800.0,74800.0,78000.0,81500.0,70100.0,92700.0,487.0,5001.0,55900.0,48900.0,8300.0,26500.0,73500.0,92900.0,45600.0,1219.0,1239.0,2543.0,650.0,4217.0,784.0,3063.0,1938.0,0.756,55200.0,57100.0,55600.0,50000.0,53900.0,66600.0,52900.0,60600.0,556.0,4548.0,59300.0,57800.0,0.77264732122421,532.0,5074.0,68700.0,56700.0,11100.0,33600.0,84200.0,117800.0,62800.0,0.806,629.0,4767.0,70400.0,78100.0,0.79609817266464,0.812,0.799,0.737
1543,164924,212800,2128,Boston College,0.15999999642372,81.7200012207031,7.51000022888183,4.94999980926513,8.10000038146972,22.5100002288818,16.1599998474121,84.7399978637695,83893.95,5.92999982833862,2.88000011444091,11.2700004577636,206.0,2530.0,92500.0,72500.0,24200.0,51100.0,109400.0,160300.0,79600.0,696.0,586.0,1248.0,171.0,1823.0,707.0,1450.0,1080.0,0.908,94900.0,96400.0,89400.0,76300.0,88000.0,104200.0,80600.0,108600.0,110.0,1802.0,64900.0,57000.0,21300.0,39300.0,78000.0,102900.0,46600.0,350.0,411.0,1041.0,155.0,1544.0,258.0,924.0,878.0,0.883,63100.0,63100.0,66300.0,55700.0,63300.0,74900.0,58900.0,71300.0,162.0,2139.0,72500.0,64600.0,0.88031792640686,134.0,2214.0,82200.0,65900.0,23200.0,48100.0,94900.0,146600.0,73600.0,0.904,142.0,2084.0,79300.0,70400.0,0.8939539194107,0.897,0.9,0.863
1544,164988,213000,2130,Boston University,0.07000000029802,81.7099990844726,6.46999979019165,5.69999980926513,9.01000022888183,22.0100002288818,15.5299997329711,84.2900009155273,83140.68,5.76999998092651,2.90000009536743,11.2600002288818,379.0,4461.0,75900.0,65300.0,19500.0,44500.0,92400.0,119600.0,61500.0,775.0,1037.0,2649.0,389.0,4013.0,448.0,2681.0,1780.0,0.872,83300.0,74000.0,74500.0,67700.0,73600.0,96900.0,68800.0,86600.0,266.0,3710.0,52800.0,49200.0,14200.0,33100.0,66800.0,80400.0,34800.0,588.0,834.0,2288.0,375.0,3375.0,335.0,2307.0,1403.0,0.807,57100.0,50400.0,52500.0,46200.0,51200.0,68100.0,48800.0,59300.0,298.0,3910.0,54700.0,39100.0,0.82685422897338,302.0,3931.0,63400.0,56900.0,18200.0,38800.0,78100.0,98100.0,44000.0,0.859,327.0,3691.0,63600.0,46400.0,0.85640746355056,0.873,0.844,0.805
2679,201645,302400,3024,Case Western Reserve University,0.28000000119209,83.4899978637695,10.5200004577636,2.86999988555908,3.47000002861023,19.25,12.1599998474121,92.3199996948242,69873.4,6.44999980926513,3.00999999046325,11.0900001525878,115.0,1371.0,89300.0,74600.0,22000.0,48600.0,109600.0,137800.0,70300.0,527.0,341.0,503.0,81.0,778.0,593.0,652.0,719.0,0.897,93100.0,96000.0,80700.0,66200.0,79100.0,102600.0,78000.0,99400.0,98.0,1451.0,69900.0,59600.0,19100.0,40100.0,84000.0,119900.0,53300.0,593.0,361.0,497.0,64.0,803.0,648.0,706.0,745.0,0.86,80200.0,62300.0,63000.0,49400.0,55300.0,87900.0,63400.0,76000.0,85.0,1088.0,70800.0,52000.0,0.86856615543365,109.0,1474.0,79300.0,66400.0,21200.0,44300.0,96000.0,136600.0,62500.0,0.895,84.0,910.0,74600.0,52700.0,0.88681316375732,0.893,0.868,0.85
1618,167358,219900,2199,Northeastern University,0.14000000059604,84.3199996948242,6.46000003814697,4.11999988555908,6.21999979019165,21.1800003051757,14.6000003814697,86.5299987792968,80190.89,5.69000005722045,2.85999989509582,11.2399997711181,363.0,4865.0,74200.0,67400.0,18800.0,43500.0,92700.0,112700.0,52400.0,918.0,1201.0,2746.0,610.0,4096.0,769.0,2672.0,2193.0,0.876,72900.0,71900.0,75700.0,64300.0,73600.0,77400.0,68700.0,81000.0,217.0,4131.0,57800.0,54400.0,15700.0,36300.0,72600.0,85600.0,35200.0,715.0,864.0,2552.0,411.0,3528.0,603.0,2170.0,1961.0,0.845,51100.0,57200.0,59800.0,45400.0,56500.0,65400.0,54900.0,60900.0,309.0,4527.0,56800.0,35100.0,0.84559309482574,282.0,4590.0,65800.0,61100.0,17700.0,39700.0,82600.0,103100.0,43200.0,0.867,389.0,4903.0,63200.0,41700.0,0.86600041389465,0.873,0.854,0.84
701,134130,153500,1535,University of Florida,0.10000000149011,78.8399963378906,13.539999961853,2.40000009536743,14.9399995803833,17.3400001525878,11.0900001525878,81.8199996948242,60120.16,8.72999954223632,3.26999998092651,10.9399995803833,700.0,7279.0,65700.0,56000.0,15900.0,36600.0,84100.0,109000.0,53000.0,2409.0,2371.0,2499.0,1240.0,6043.0,1236.0,4011.0,3268.0,0.842,63400.0,65200.0,68500.0,55600.0,65100.0,69000.0,60300.0,72400.0,491.0,5859.0,47700.0,42600.0,10800.0,26800.0,62000.0,81200.0,37000.0,1895.0,1997.0,1967.0,1100.0,4999.0,860.0,3185.0,2674.0,0.752,47300.0,46800.0,49000.0,39800.0,47000.0,51700.0,43400.0,52900.0,588.0,6132.0,50700.0,44700.0,0.78310501575469,565.0,6953.0,57800.0,48100.0,14300.0,32100.0,71900.0,98400.0,54300.0,0.818,654.0,6711.0,56600.0,39900.0,0.82640439271926,0.832,0.797,0.735
427,121150,1014900,10149,Pepperdine University,0.28000000119209,73.7399978637695,5.73999977111816,7.88000011444091,17.25,21.7700004577636,12.1700000762939,81.5400009155273,79068.51,6.90000009536743,3.40000009536743,11.2200002670288,132.0,1116.0,77600.0,65500.0,15200.0,38600.0,100200.0,137800.0,63500.0,338.0,292.0,486.0,83.0,747.0,369.0,605.0,511.0,0.839,88300.0,71100.0,74200.0,62100.0,65100.0,103000.0,71900.0,84500.0,69.0,755.0,54100.0,47800.0,13400.0,28300.0,68300.0,112300.0,49500.0,128.0,200.0,427.0,82.0,603.0,152.0,424.0,331.0,0.779,50200.0,60300.0,52400.0,41200.0,48400.0,76600.0,48400.0,61400.0,88.0,947.0,61700.0,55500.0,0.80570220947265,79.0,927.0,72200.0,57500.0,15300.0,34900.0,89200.0,124100.0,69300.0,0.83,140.0,849.0,72100.0,56000.0,0.85394579172134,0.828,0.803,0.755
844,139959,159800,1598,University of Georgia,0.12999999523162,74.8799972534179,18.5699996948242,2.77999997138977,4.96000003814697,19.9200000762939,10.7600002288818,91.4800033569336,71225.06,7.26999998092651,2.99000000953674,11.1099996566772,526.0,5102.0,59100.0,50500.0,14200.0,32800.0,74200.0,96200.0,49900.0,1201.0,1382.0,2519.0,538.0,4221.0,881.0,2854.0,2248.0,0.81,57000.0,57700.0,60900.0,53100.0,59600.0,57000.0,52900.0,67000.0,414.0,4978.0,45200.0,39900.0,11200.0,25800.0,55600.0,68900.0,48000.0,1287.0,1394.0,2297.0,498.0,4146.0,832.0,2871.0,2107.0,0.747,47300.0,43200.0,45300.0,41000.0,45000.0,46400.0,40000.0,52200.0,388.0,4359.0,45800.0,50800.0,0.751777946949,435.0,5097.0,53000.0,46000.0,12900.0,30800.0,65400.0,83500.0,45300.0,0.791,445.0,4558.0,50800.0,41000.0,0.79442739486694,0.8,0.784,0.719
2305,191241,272200,2722,Fordham University,0.05999999865889,71.5500030517578,12.3800001144409,5.65999984741211,15.619999885559,19.0699996948242,13.6999998092651,77.7699966430664,77653.15,9.07999992370605,3.64000010490417,11.1700000762939,280.0,2545.0,67000.0,59200.0,14700.0,36900.0,83200.0,112100.0,56600.0,536.0,662.0,1347.0,411.0,2345.0,200.0,1677.0,868.0,0.836,59400.0,63900.0,71500.0,57200.0,68200.0,52600.0,62500.0,75500.0,185.0,2079.0,53600.0,49100.0,9500.0,30600.0,67300.0,76800.0,45500.0,451.0,449.0,1179.0,413.0,1881.0,198.0,1122.0,957.0,0.785,46400.0,55600.0,55600.0,40200.0,53300.0,55700.0,49100.0,58900.0,236.0,2269.0,51000.0,40700.0,0.78360509872436,197.0,2271.0,60200.0,54600.0,12400.0,34900.0,75800.0,92600.0,44700.0,0.812,233.0,2246.0,60700.0,54800.0,0.80943900346756,0.828,0.801,0.776
2466,196413,288200,2882,Syracuse University,0.05999999865889,80.9899978637695,8.81999969482422,4.32000017166137,8.14000034332275,19.3899993896484,14.079999923706,86.4199981689453,75289.41,7.55000019073486,3.34999990463256,11.1400003433227,243.0,3283.0,69200.0,62100.0,17500.0,41700.0,87000.0,107900.0,48900.0,640.0,816.0,1827.0,416.0,2966.0,317.0,1890.0,1393.0,0.868,68000.0,67500.0,70400.0,61900.0,68900.0,72300.0,65000.0,74900.0,209.0,3469.0,48700.0,45900.0,13000.0,29700.0,63200.0,72700.0,36100.0,780.0,829.0,1860.0,407.0,3272.0,197.0,2013.0,1456.0,0.79,46800.0,46300.0,50500.0,39100.0,48800.0,46700.0,45000.0,53700.0,205.0,3046.0,50600.0,41000.0,0.81845045089721,245.0,3537.0,57500.0,53200.0,16500.0,35800.0,73600.0,89500.0,38000.0,0.839,214.0,3033.0,59700.0,48400.0,0.83646553754806,0.864,0.826,0.767
3451,223232,354500,3545,Baylor University,0.02999999932944,76.7200012207031,9.57999992370605,3.73000001907348,18.6800003051757,20.579999923706,10.0500001907348,88.1800003051757,73627.32,7.46000003814697,3.11999988555908,11.1300001144409,306.0,2864.0,58400.0,51600.0,15000.0,34000.0,73900.0,98100.0,44300.0,573.0,828.0,1463.0,325.0,2667.0,197.0,1694.0,1170.0,0.824,56600.0,55400.0,60900.0,52700.0,58200.0,61200.0,53300.0,65900.0,183.0,2649.0,46600.0,42600.0,10700.0,27500.0,58400.0,68000.0,45800.0,520.0,705.0,1424.0,354.0,2465.0,184.0,1577.0,1072.0,0.761,43700.0,46500.0,47700.0,37200.0,46600.0,45800.0,42400.0,52700.0,167.0,2431.0,44000.0,29000.0,0.76593995094299,212.0,2807.0,51200.0,47400.0,13000.0,30800.0,65700.0,81300.0,32900.0,0.8,272.0,2820.0,52900.0,37600.0,0.82836878299713,0.821,0.786,0.746
1201,153658,189200,1892,University of Iowa,0.12999999523162,91.5800018310547,3.02999997138977,2.24000000953674,3.76999998092651,19.0,10.1599998474121,94.3799972534179,63769.8,5.36999988555908,2.66000008583068,11.0200004577636,416.0,6204.0,62000.0,51900.0,17300.0,35800.0,73700.0,101700.0,53400.0,1309.0,1641.0,3254.0,494.0,5254.0,950.0,3298.0,2906.0,0.853,67300.0,58700.0,61400.0,56600.0,59100.0,77600.0,55600.0,69200.0,260.0,5734.0,47700.0,42200.0,14600.0,29100.0,58700.0,68600.0,38600.0,1232.0,1475.0,3027.0,510.0,4685.0,1049.0,2887.0,2847.0,0.797,53800.0,45500.0,46200.0,37700.0,44200.0,63200.0,44300.0,51100.0,271.0,5445.0,47300.0,37000.0,0.79357206821441,331.0,6039.0,56100.0,47000.0,16000.0,32700.0,66400.0,87100.0,51400.0,0.827,361.0,5370.0,55500.0,52300.0,0.83147114515304,0.841,0.812,0.769
552,127060,137100,1371,University of Denver,0.27000001072883,83.6500015258789,4.23000001907348,3.40000009536743,12.2100000381469,24.8600006103515,13.9099998474121,89.7699966430664,78120.26,5.28000020980835,2.75999999046325,11.2100000381469,186.0,1453.0,65400.0,56500.0,13000.0,35900.0,83300.0,105000.0,51400.0,481.0,429.0,543.0,91.0,881.0,572.0,887.0,566.0,0.825,66300.0,60300.0,68500.0,58100.0,62600.0,69700.0,57900.0,77100.0,128.0,1219.0,49000.0,44500.0,11700.0,27200.0,62400.0,78500.0,34800.0,329.0,344.0,546.0,109.0,838.0,381.0,737.0,482.0,0.789,48400.0,48600.0,49500.0,35200.0,44000.0,59800.0,45200.0,54700.0,154.0,1349.0,51700.0,43300.0,0.78799110651016,139.0,1434.0,60900.0,54700.0,10500.0,33700.0,77100.0,98300.0,44500.0,0.802,150.0,1254.0,58000.0,46100.0,0.79744815826416,0.829,0.803,0.739
3895,239105,386300,3863,Marquette University,0.07999999821186,85.3499984741211,7.01000022888183,3.03999996185302,6.40000009536743,20.1800003051757,10.6999998092651,91.5299987792968,75591.25,5.17000007629394,2.89000010490417,11.1800003051757,111.0,2384.0,70700.0,62600.0,23600.0,42100.0,85900.0,106000.0,52600.0,399.0,487.0,1498.0,148.0,2096.0,288.0,1287.0,1097.0,0.89,85700.0,68000.0,67500.0,51700.0,66000.0,104900.0,62400.0,80300.0,70.0,1982.0,54000.0,50600.0,17700.0,34500.0,66800.0,79400.0,37800.0,306.0,407.0,1269.0,143.0,1801.0,181.0,1054.0,928.0,0.863,62300.0,49000.0,53500.0,37500.0,51800.0,75900.0,50900.0,57500.0,89.0,2165.0,54000.0,37400.0,0.83556580543518,96.0,2080.0,62400.0,57000.0,19000.0,39300.0,76100.0,93500.0,43700.0,0.887,122.0,2094.0,61800.0,48700.0,0.88347661495208,0.888,0.87,0.834
454,122436,1039500,10395,University of San Diego,0.17000000178813,73.25,4.3600001335144,8.88000011444091,18.579999923706,21.9300003051757,12.8500003814697,81.1299972534179,79883.39,6.59999990463257,3.25999999046325,11.2299995422363,144.0,1375.0,71100.0,60000.0,14500.0,38600.0,87100.0,113700.0,59000.0,444.0,322.0,609.0,147.0,1032.0,343.0,851.0,524.0,0.847,76200.0,66100.0,70000.0,61100.0,65700.0,87100.0,64400.0,81900.0,121.0,1336.0,54800.0,50100.0,10200.0,30900.0,70100.0,86300.0,37600.0,409.0,277.0,650.0,111.0,1002.0,334.0,816.0,520.0,0.813,61900.0,50800.0,52100.0,38300.0,50200.0,68600.0,52500.0,58400.0,125.0,1239.0,57000.0,42500.0,0.80064570903778,131.0,1197.0,65900.0,58400.0,14800.0,35600.0,83600.0,109500.0,54500.0,0.833,116.0,1260.0,60300.0,43400.0,0.82301586866378,0.833,0.82,0.782
1965,179159,250600,2506,Saint Louis University,0.11999999731779,82.5699996948242,11.9300003051757,2.40000009536743,3.75999999046325,20.0,11.5600004196167,93.7799987792968,72169.74,6.17999982833862,3.03999996185302,11.119999885559,142.0,2094.0,64900.0,56500.0,19900.0,38000.0,78900.0,103400.0,52400.0,346.0,530.0,1218.0,181.0,1789.0,305.0,1221.0,873.0,0.86,75100.0,59600.0,64400.0,54000.0,61900.0,83100.0,59400.0,72700.0,126.0,1901.0,47000.0,45700.0,15000.0,30100.0,60800.0,73800.0,26300.0,358.0,497.0,1046.0,150.0,1563.0,338.0,1206.0,695.0,0.79,41300.0,44700.0,50100.0,42100.0,46600.0,48900.0,45900.0,49100.0,105.0,1732.0,49100.0,31100.0,0.81639724969863,135.0,1940.0,54300.0,50900.0,18600.0,34300.0,68500.0,84300.0,33100.0,0.837,152.0,2049.0,57500.0,38600.0,0.86090773344039,0.845,0.828,0.776
982,145725,169100,1691,Illinois Institute of Technology,0.2199999988079,75.6800003051757,10.369999885559,5.61999988555908,11.9399995803833,19.5400009155273,11.4099998474121,83.7300033569336,74075.49,6.59000015258789,3.41000008583068,11.1599998474121,80.0,769.0,78000.0,69100.0,22400.0,44000.0,91900.0,118200.0,64100.0,236.0,235.0,298.0,78.0,538.0,231.0,228.0,541.0,0.903,93800.0,69300.0,72400.0,66200.0,68900.0,99200.0,69500.0,81600.0,66.0,726.0,60400.0,55800.0,13500.0,39000.0,74800.0,93100.0,37300.0,250.0,200.0,276.0,80.0,526.0,200.0,239.0,487.0,0.851,67100.0,58000.0,56200.0,49300.0,53000.0,80000.0,60400.0,60400.0,60.0,614.0,66600.0,54100.0,0.85342019796371,67.0,823.0,71600.0,63300.0,21200.0,45600.0,85900.0,117200.0,47400.0,0.856,61.0,532.0,68700.0,44800.0,0.87781953811645,0.88,0.883,0.837
2947,209551,322300,3223,University of Oregon,0.18999999761581,86.0100021362304,1.87000000476837,4.05000019073486,7.13000011444091,19.6200008392334,11.6599998474121,90.5299987792968,62294.9,7.28000020980835,3.80999994277954,11.0,584.0,4641.0,51300.0,44800.0,10500.0,27700.0,65300.0,84400.0,43100.0,1426.0,1326.0,1889.0,539.0,3559.0,1082.0,2508.0,2133.0,0.768,48000.0,51000.0,54000.0,45900.0,51600.0,50500.0,46300.0,57300.0,453.0,4697.0,39800.0,35600.0,9200.0,22000.0,51400.0,61100.0,29500.0,1362.0,1249.0,2086.0,490.0,3699.0,998.0,2426.0,2271.0,0.667,39200.0,40400.0,39800.0,33900.0,38500.0,44500.0,36400.0,43400.0,497.0,3906.0,39200.0,33600.0,0.69457244873046,468.0,4435.0,47000.0,40800.0,10400.0,25800.0,57700.0,73700.0,46000.0,0.735,591.0,4067.0,44300.0,35600.0,0.73297268152236,0.747,0.714,0.641
459,122612,132500,1325,University of San Francisco,0.18999999761581,62.2799987792968,6.3600001335144,17.0200004577636,17.2999992370605,22.7000007629394,12.9700002670288,75.1999969482422,82472.56,6.55999994277954,3.22000002861023,11.2700004577636,167.0,1593.0,74000.0,62300.0,18000.0,39000.0,98000.0,122100.0,53800.0,346.0,451.0,796.0,181.0,1200.0,393.0,1029.0,564.0,0.84,70600.0,70900.0,77300.0,60300.0,68600.0,90800.0,69900.0,81600.0,153.0,1630.0,58500.0,50000.0,12700.0,30000.0,77200.0,110700.0,46400.0,386.0,463.0,781.0,181.0,1242.0,388.0,1048.0,582.0,0.79,54500.0,55400.0,62300.0,48600.0,53000.0,76200.0,56300.0,62600.0,131.0,1343.0,58700.0,40700.0,0.80119138956069,143.0,1548.0,66400.0,57400.0,12600.0,34200.0,87700.0,118400.0,47500.0,0.822,173.0,1377.0,64600.0,47300.0,0.84386348724365,0.836,0.807,0.769
423,120883,132900,1329,University of the Pacific,0.27000001072883,64.0699996948242,5.59000015258789,13.8000001907348,20.1000003814697,17.9400005340576,9.73999977111816,79.4499969482422,72621.06,9.1899995803833,4.26999998092651,11.1300001144409,126.0,1612.0,84200.0,71700.0,15900.0,41200.0,116500.0,154800.0,57500.0,623.0,423.0,566.0,215.0,1053.0,559.0,957.0,655.0,0.868,90900.0,82800.0,77800.0,69700.0,74600.0,102200.0,78600.0,92300.0,81.0,1163.0,61000.0,51700.0,11600.0,31200.0,79800.0,146200.0,42600.0,421.0,306.0,436.0,176.0,838.0,325.0,691.0,472.0,0.801,62300.0,58300.0,61700.0,49100.0,58200.0,68200.0,58000.0,65500.0,111.0,1248.0,73700.0,52600.0,0.84054487943649,116.0,1518.0,74600.0,62300.0,17100.0,37300.0,102800.0,150900.0,51800.0,0.851,131.0,1440.0,78100.0,54500.0,0.85277777910232,0.854,0.835,0.785
3645,230764,367500,3675,University of Utah,0.37999999523162,88.4000015258789,1.24000000953674,2.32999992370605,9.11999988555908,20.1900005340576,10.5200004577636,90.7099990844726,69474.52,6.05999994277954,3.17000007629394,11.1099996566772,947.0,5527.0,63500.0,53000.0,10400.0,31000.0,80300.0,108700.0,58300.0,2585.0,1913.0,1029.0,375.0,2184.0,3343.0,2187.0,3340.0,0.798,64200.0,65200.0,58800.0,49500.0,54500.0,69400.0,43200.0,76800.0,554.0,5123.0,47200.0,40800.0,9700.0,24700.0,60900.0,79100.0,43500.0,2268.0,1765.0,1090.0,396.0,2027.0,3096.0,2239.0,2884.0,0.727,47700.0,49900.0,41700.0,41300.0,39000.0,52500.0,36000.0,55800.0,750.0,4911.0,47900.0,42900.0,0.73141926527023,745.0,4988.0,55300.0,47100.0,9200.0,28500.0,71000.0,94100.0,49500.0,0.779,881.0,5220.0,54800.0,47300.0,0.77030652761459,0.776,0.758,0.706
3198,216339,337100,3371,Temple University,0.15999999642372,73.8099975585937,17.7600002288818,3.92000007629394,5.46000003814697,16.4200000762939,10.289999961853,89.25,66650.68,8.35000038146972,3.70000004768371,11.039999961853,987.0,9026.0,59000.0,50500.0,12600.0,32100.0,73400.0,92100.0,50000.0,2611.0,2755.0,3660.0,1171.0,7067.0,1959.0,5042.0,3984.0,0.807,65100.0,55400.0,57400.0,48200.0,54900.0,73700.0,55700.0,63100.0,726.0,9232.0,42200.0,39100.0,10200.0,23600.0,55100.0,68800.0,31300.0,2653.0,2531.0,4048.0,1134.0,7338.0,1894.0,4850.0,4382.0,0.717,43300.0,42600.0,41200.0,37300.0,40400.0,49100.0,40400.0,44100.0,756.0,7725.0,46400.0,37400.0,0.75365698337554,828.0,8659.0,50300.0,44800.0,12000.0,29300.0,63100.0,85600.0,38400.0,0.78,780.0,7262.0,49900.0,36100.0,0.77788490056991,0.79,0.766,0.686
1275,155317,194800,1948,University of Kansas,0.11999999731779,87.3000030517578,5.17999982833862,2.31999993324279,5.32000017166137,22.4899997711181,12.3999996185302,93.9100036621093,70891.42,5.23999977111816,2.5,11.1000003814697,481.0,5775.0,59300.0,48800.0,13700.0,32100.0,71000.0,91600.0,55100.0,1262.0,1590.0,2923.0,481.0,4830.0,945.0,2998.0,2777.0,0.816,62800.0,57800.0,58700.0,45100.0,56400.0,74400.0,53900.0,65200.0,323.0,5342.0,45100.0,39200.0,11200.0,26100.0,55100.0,69200.0,45500.0,1205.0,1406.0,2731.0,513.0,4371.0,971.0,2749.0,2593.0,0.751,47700.0,45200.0,44000.0,36100.0,43800.0,51400.0,42900.0,47500.0,308.0,4664.0,43900.0,33100.0,0.75235849618911,393.0,5491.0,52300.0,44600.0,13200.0,30300.0,63600.0,82200.0,47000.0,0.796,420.0,4541.0,48400.0,37500.0,0.78000438213348,0.8,0.78,0.718
952,144740,167100,1671,DePaul University,0.20000000298023,72.4300003051757,13.0200004577636,5.44000005722045,14.1099996566772,20.7199993133544,12.4899997711181,81.8499984741211,76598.6,7.13999986648559,3.53999996185302,11.1899995803833,574.0,4422.0,60200.0,53300.0,12200.0,32800.0,76600.0,99700.0,49800.0,1198.0,1467.0,1757.0,602.0,3354.0,1068.0,2529.0,1893.0,0.804,54900.0,59900.0,64000.0,54700.0,58400.0,65800.0,54300.0,68100.0,433.0,5046.0,46000.0,42100.0,10000.0,26800.0,59700.0,70300.0,33500.0,1366.0,1515.0,2165.0,618.0,3815.0,1231.0,2748.0,2298.0,0.754,43000.0,45700.0,48200.0,40300.0,43600.0,53500.0,43000.0,49700.0,466.0,3767.0,46400.0,36100.0,0.74966818094253,459.0,4525.0,52800.0,47200.0,10700.0,30300.0,67800.0,86300.0,39100.0,0.802,527.0,3857.0,54900.0,44700.0,0.79258489608764,0.793,0.776,0.734
3028,212106,325800,3258,Duquesne University,0.11999999731779,90.25,6.55999994277954,1.46000003814697,1.72000002861022,16.8099994659423,9.90999984741211,95.6399993896484,61274.66,6.44999980926513,3.02999997138977,10.9700002670288,142.0,2272.0,68200.0,58500.0,20800.0,39300.0,87900.0,118800.0,48000.0,450.0,584.0,1238.0,179.0,1833.0,439.0,1379.0,893.0,0.873,67800.0,64900.0,69900.0,52100.0,66500.0,75400.0,65200.0,72900.0,67.0,2026.0,54500.0,48700.0,15100.0,32000.0,67300.0,108000.0,33300.0,285.0,513.0,1228.0,185.0,1830.0,196.0,1195.0,831.0,0.817,50000.0,51700.0,56700.0,45600.0,54100.0,58400.0,55800.0,52700.0,102.0,2143.0,57400.0,37400.0,0.83527767658233,85.0,2013.0,61100.0,52000.0,18400.0,35300.0,79500.0,116800.0,38500.0,0.855,122.0,2066.0,61500.0,37800.0,0.86302030086517,0.856,0.832,0.799
1714,171128,229200,2292,Michigan Technological University,0.03999999910593,92.2300033569336,3.03999996185302,1.35000002384185,2.29999995231628,14.5500001907348,7.61999988555908,96.2300033569336,61737.2,5.98000001907348,3.45000004768371,10.9799995422363,123.0,1635.0,66800.0,66400.0,18100.0,40700.0,87800.0,101300.0,38500.0,236.0,517.0,882.0,181.0,1518.0,117.0,324.0,1311.0,0.874,63400.0,63500.0,69700.0,55500.0,67300.0,60500.0,53500.0,70100.0,63.0,1772.0,54000.0,55200.0,15800.0,32400.0,72500.0,79400.0,27700.0,314.0,528.0,930.0,169.0,1671.0,101.0,393.0,1379.0,0.791,50300.0,50800.0,57200.0,43500.0,53900.0,56900.0,45000.0,56600.0,115.0,1394.0,53400.0,28400.0,0.82352942228317,86.0,1741.0,58400.0,58200.0,16800.0,35700.0,78200.0,93500.0,30700.0,0.85,116.0,1509.0,58200.0,39500.0,0.84956926107406,0.858,0.823,0.792
81,104179,108300,1083,University of Arizona,0.17000000178813,77.5100021362304,3.34999990463256,3.15000009536743,22.5200004577636,18.2199993133544,11.4300003051757,86.4300003051757,64708.31,9.28999996185302,3.26999998092651,10.9899997711181,774.0,6172.0,56000.0,47300.0,12100.0,30600.0,71700.0,99400.0,45300.0,2055.0,1918.0,2199.0,948.0,4681.0,1491.0,3318.0,2854.0,0.8,51700.0,55100.0,60700.0,47300.0,56200.0,55300.0,49100.0,63900.0,598.0,6520.0,41800.0,36900.0,9200.0,23600.0,54000.0,69600.0,29200.0,2043.0,1963.0,2514.0,900.0,5216.0,1304.0,3497.0,3023.0,0.693,39300.0,41000.0,44600.0,35700.0,41900.0,41700.0,38000.0,46300.0,642.0,5756.0,43500.0,32700.0,0.73627519607543,686.0,5971.0,48100.0,40900.0,11700.0,25900.0,62100.0,84100.0,42500.0,0.753,742.0,5902.0,49200.0,40100.0,0.76075905561447,0.78,0.724,0.675
2318,191649,273200,2732,Hofstra University,0.07999999821186,77.4899978637695,11.4300003051757,4.65000009536743,9.80000019073486,18.4699993133544,12.9499998092651,82.3600006103515,86369.03,5.65999984741211,2.99000000953674,11.3100004196167,318.0,3045.0,59900.0,53100.0,13200.0,32000.0,77400.0,102900.0,45400.0,710.0,816.0,1519.0,490.0,2667.0,378.0,1677.0,1368.0,0.814,55500.0,57300.0,63300.0,62600.0,58800.0,68000.0,55200.0,65700.0,184.0,2516.0,42800.0,39900.0,10000.0,24000.0,57400.0,73600.0,26300.0,452.0,595.0,1469.0,377.0,2304.0,212.0,1314.0,1202.0,0.711,40100.0,42900.0,43600.0,36800.0,42400.0,47200.0,41700.0,44100.0,263.0,2741.0,47500.0,38100.0,0.75118571519851,213.0,2714.0,51100.0,46500.0,11600.0,28600.0,67500.0,89600.0,39100.0,0.766,326.0,2916.0,54300.0,44700.0,0.79046636819839,0.787,0.755,0.699
856,140447,158000,1580,Mercer University,0.47999998927116,67.5100021362304,26.829999923706,2.08999991416931,4.57000017166137,16.3999996185302,8.40999984741211,92.5199966430664,67164.94,7.92999982833862,3.10999989509582,11.0699996948242,215.0,2117.0,58200.0,48200.0,13400.0,31400.0,72800.0,114200.0,46300.0,670.0,691.0,756.0,154.0,960.0,1157.0,1532.0,585.0,0.813,55300.0,56600.0,62300.0,55700.0,59900.0,56800.0,52700.0,72800.0,122.0,1492.0,40400.0,36800.0,13000.0,23300.0,53400.0,107000.0,25900.0,494.0,495.0,503.0,98.0,640.0,852.0,1074.0,418.0,0.728,33900.0,41200.0,46100.0,45100.0,39300.0,41200.0,37800.0,47000.0,156.0,1827.0,52900.0,38400.0,0.7909140586853,145.0,1746.0,54800.0,45200.0,14300.0,29900.0,70400.0,111100.0,39000.0,0.797,189.0,1988.0,55000.0,39900.0,0.80130785703659,0.794,0.775,0.672
2374,193654,2066200,20662,The New School,0.34999999403953,71.1800003051757,12.3500003814697,7.07000017166137,13.6000003814697,22.2000007629394,16.0699996948242,79.0599975585937,75464.08,8.97999954223632,3.67000007629394,11.1499996185302,338.0,1503.0,55200.0,44500.0,6100.0,20600.0,74500.0,92600.0,52600.0,548.0,444.0,511.0,195.0,960.0,543.0,1029.0,474.0,0.692,52800.0,62300.0,51500.0,42500.0,50200.0,64000.0,52900.0,60100.0,270.0,1767.0,41300.0,37500.0,6300.0,17400.0,57100.0,76000.0,33600.0,611.0,531.0,625.0,188.0,1213.0,554.0,1265.0,502.0,0.62,38400.0,44400.0,41500.0,36200.0,36600.0,51600.0,42200.0,39000.0,281.0,1257.0,43300.0,40700.0,0.6348448395729,297.0,1545.0,48800.0,41700.0,6300.0,19900.0,67600.0,88200.0,38800.0,0.655,286.0,1257.0,44100.0,38500.0,0.6420047879219,0.664,0.661,0.615
131,106397,110800,1108,University of Arkansas,0.15999999642372,84.9499969482422,7.80999994277954,1.48000001907348,5.21999979019165,15.1999998092651,8.47999954223632,94.6299972534179,52450.53,9.5600004196167,3.79999995231628,10.829999923706,432.0,3140.0,52700.0,44900.0,13000.0,28700.0,67000.0,87200.0,44800.0,1005.0,982.0,1153.0,472.0,2445.0,695.0,1599.0,1541.0,0.767,48600.0,51700.0,57200.0,48600.0,53400.0,50500.0,46800.0,58900.0,295.0,3365.0,40900.0,37100.0,10300.0,23200.0,52800.0,65500.0,30400.0,968.0,1007.0,1390.0,429.0,2677.0,688.0,1629.0,1736.0,0.702,38100.0,40700.0,43200.0,38900.0,40900.0,41100.0,37000.0,44600.0,267.0,2654.0,40800.0,37900.0,0.70384323596954,316.0,3253.0,46900.0,41700.0,10400.0,27400.0,59700.0,76800.0,38700.0,0.766,362.0,2983.0,47200.0,44400.0,0.76466643810272,0.759,0.741,0.669
1335,157085,198900,1989,University of Kentucky,0.15000000596046,89.1100006103515,7.32000017166137,1.37000000476837,2.06999993324279,15.6099996566772,9.85000038146972,96.0800018310547,59287.73,9.0600004196167,2.99000000953674,10.9200000762939,465.0,5127.0,54000.0,45100.0,12600.0,29300.0,68200.0,86400.0,45000.0,1605.0,1522.0,2000.0,598.0,3894.0,1233.0,2652.0,2475.0,0.791,53700.0,52600.0,55300.0,45700.0,52900.0,57600.0,48500.0,59900.0,277.0,4593.0,43500.0,36900.0,10100.0,24000.0,53800.0,68500.0,45600.0,1297.0,1236.0,2060.0,581.0,3655.0,938.0,2291.0,2302.0,0.73,49200.0,42000.0,40700.0,33400.0,39600.0,58600.0,40200.0,46700.0,338.0,4376.0,42200.0,30800.0,0.73194700479507,366.0,4571.0,51700.0,43500.0,13000.0,29500.0,63500.0,80800.0,42500.0,0.776,458.0,4333.0,46300.0,36500.0,0.76113545894622,0.767,0.77,0.683
3692,232186,374900,3749,George Mason University,0.2199999988079,72.1100006103515,12.539999961853,8.05000019073486,9.10000038146972,25.3799991607666,17.4899997711181,81.0100021362304,95275.15,4.01000022888183,2.19000005722045,11.4200000762939,487.0,4078.0,63900.0,59900.0,16300.0,37800.0,85000.0,107000.0,40900.0,1195.0,1313.0,1570.0,478.0,2851.0,1227.0,2247.0,1831.0,0.842,64600.0,64400.0,62900.0,63700.0,62100.0,68000.0,57300.0,71900.0,423.0,4749.0,47000.0,44900.0,12700.0,27700.0,62700.0,79500.0,28100.0,1373.0,1420.0,1956.0,527.0,3314.0,1435.0,2611.0,2138.0,0.765,45800.0,48700.0,46500.0,45100.0,44200.0,53400.0,43400.0,51300.0,398.0,3737.0,52300.0,32000.0,0.8110784292221,423.0,4101.0,56300.0,52600.0,15500.0,33600.0,73700.0,94400.0,37100.0,0.822,437.0,3499.0,59300.0,36800.0,0.84509861469268,0.823,0.803,0.746
453,122409,115100,1151,San Diego State University,0.20999999344348,64.870002746582,5.76000022888183,9.72999954223632,28.5699996948242,17.7099990844726,9.53999996185302,76.1600036621093,68953.33,9.47999954223632,3.9300000667572,11.079999923706,867.0,7236.0,55900.0,51000.0,12600.0,32500.0,73100.0,92000.0,38800.0,2979.0,2174.0,2083.0,1554.0,5076.0,2160.0,4433.0,2803.0,0.803,54300.0,54800.0,59300.0,48700.0,56200.0,55100.0,51500.0,62800.0,707.0,7638.0,41600.0,37700.0,10200.0,23300.0,54300.0,70000.0,28300.0,3167.0,2255.0,2216.0,1352.0,5457.0,2181.0,4464.0,3174.0,0.701,40300.0,41200.0,43900.0,36200.0,40000.0,45700.0,39000.0,45200.0,643.0,6174.0,44400.0,28000.0,0.74878525733947,841.0,8145.0,48500.0,44200.0,12100.0,27800.0,63400.0,83400.0,32300.0,0.769,799.0,6875.0,50100.0,36200.0,0.78778183460235,0.796,0.747,0.676
3818,236939,380000,3800,Washington State University,0.23000000417232,84.2900009155273,2.25,4.26999998092651,7.86999988555908,17.4200000762939,9.46000003814697,89.6800003051757,63710.0,7.73000001907348,4.25,11.0200004577636,694.0,6320.0,56600.0,50600.0,12800.0,32900.0,74800.0,93000.0,39300.0,1793.0,1839.0,2688.0,614.0,4540.0,1780.0,3381.0,2939.0,0.813,53400.0,56200.0,59100.0,50000.0,57600.0,54200.0,49300.0,65100.0,535.0,6537.0,44700.0,40600.0,11900.0,26500.0,58400.0,71300.0,29500.0,1904.0,1860.0,2773.0,561.0,4568.0,1969.0,3483.0,3054.0,0.742,42900.0,45100.0,45800.0,38900.0,43000.0,48800.0,41300.0,48600.0,568.0,5456.0,45800.0,38000.0,0.77199411392211,573.0,5723.0,51000.0,46200.0,13100.0,30400.0,66700.0,82900.0,32600.0,0.803,639.0,5420.0,50200.0,37900.0,0.78985238075256,0.802,0.779,0.728
1278,155399,192800,1928,Kansas State University,0.10000000149011,88.9400024414062,4.44999980926513,1.62999999523162,5.25,17.6900005340576,9.43000030517578,94.8399963378906,59909.03,6.26999998092651,2.57999992370605,10.9499998092651,591.0,6103.0,51900.0,45600.0,13200.0,31200.0,66400.0,85600.0,37100.0,1313.0,1972.0,2818.0,672.0,5206.0,897.0,2894.0,3209.0,0.809,50300.0,49000.0,54700.0,46300.0,52100.0,50900.0,43700.0,59300.0,315.0,5086.0,41400.0,38400.0,11400.0,25400.0,53400.0,65100.0,27000.0,1026.0,1630.0,2430.0,555.0,4388.0,698.0,2438.0,2648.0,0.731,38900.0,40100.0,43400.0,34900.0,41300.0,42200.0,36300.0,46200.0,394.0,5506.0,41100.0,26700.0,0.75136214494705,480.0,5489.0,46600.0,42100.0,12500.0,28300.0,59100.0,74600.0,33300.0,0.787,506.0,6088.0,46300.0,32000.0,0.78334426879882,0.793,0.756,0.707
2946,209542,321000,3210,Oregon State University,0.18000000715255,86.0400009155273,1.5900000333786,3.64000010490417,7.96000003814697,17.7700004577636,10.0600004196167,90.5500030517578,60312.67,7.5,3.9300000667572,10.9799995422363,546.0,4887.0,56700.0,49600.0,12800.0,30900.0,73500.0,91800.0,43300.0,1452.0,1510.0,1925.0,580.0,3743.0,1144.0,2354.0,2533.0,0.791,54900.0,56200.0,58400.0,46200.0,56200.0,58200.0,48400.0,64400.0,412.0,4814.0,42700.0,37700.0,10400.0,24200.0,55000.0,70000.0,36600.0,1408.0,1467.0,1939.0,493.0,3624.0,1190.0,2281.0,2533.0,0.708,41300.0,43100.0,43500.0,35000.0,42200.0,44500.0,36400.0,48400.0,388.0,4142.0,43000.0,29900.0,0.72815066576004,443.0,4698.0,49000.0,43500.0,11600.0,28000.0,64300.0,83500.0,35200.0,0.77,492.0,4446.0,48700.0,31700.0,0.78137654066085,0.782,0.75,0.689
1866,176017,244000,2440,University of Mississippi,0.20999999344348,70.4400024414062,26.5300006866455,1.04999995231628,2.22000002861022,14.6300001144409,8.13000011444091,96.9100036621094,53374.26,12.1700000762939,3.64000010490417,10.8100004196167,333.0,3548.0,56600.0,42700.0,13200.0,28200.0,66400.0,96700.0,64000.0,1243.0,1023.0,1282.0,510.0,2534.0,1014.0,1978.0,1570.0,0.782,55800.0,56500.0,57400.0,43000.0,53500.0,64400.0,49300.0,65800.0,300.0,3517.0,41300.0,35100.0,11000.0,22600.0,51000.0,72300.0,40000.0,1297.0,980.0,1240.0,410.0,2401.0,1116.0,2038.0,1479.0,0.707,40500.0,40300.0,42800.0,36400.0,39800.0,44300.0,37800.0,46000.0,261.0,3139.0,43800.0,44300.0,0.72379738092422,300.0,3415.0,50500.0,39700.0,12300.0,25900.0,58800.0,84000.0,58500.0,0.745,304.0,3031.0,50300.0,53600.0,0.77334213256835,0.751,0.715,0.655
2207,188429,266600,2666,Adelphi University,0.23999999463558,66.6900024414062,17.8500003814697,6.73000001907348,12.9200000762939,16.5699996948242,11.4799995422363,74.5999984741211,80864.95,7.46999979019165,3.31999993324279,11.25,163.0,1834.0,63000.0,58500.0,12500.0,37600.0,82600.0,94400.0,38300.0,456.0,601.0,777.0,183.0,1343.0,491.0,1341.0,493.0,0.835,61900.0,64200.0,62600.0,45100.0,59400.0,72900.0,60800.0,68900.0,117.0,1743.0,49400.0,43500.0,12200.0,27200.0,68500.0,90800.0,30800.0,438.0,501.0,804.0,230.0,1303.0,440.0,1256.0,487.0,0.759,48600.0,51900.0,48200.0,43800.0,44700.0,63300.0,51300.0,44500.0,140.0,1467.0,50000.0,31300.0,0.77232444286346,164.0,1768.0,56200.0,52300.0,13400.0,32900.0,78100.0,92000.0,32100.0,0.802,163.0,1327.0,51800.0,32200.0,0.7837226986885,0.84,0.803,0.741
206,110097,112200,1122,Biola University,0.17000000178813,70.0699996948242,4.28999996185302,8.61999988555908,24.8199996948242,18.0499992370605,9.32999992370605,79.9599990844726,75484.4,7.46999979019165,3.63000011444091,11.1800003051757,223.0,1203.0,50700.0,44500.0,6000.0,24600.0,68300.0,84500.0,39200.0,242.0,365.0,596.0,139.0,925.0,278.0,709.0,494.0,0.734,40900.0,47300.0,56800.0,43200.0,47900.0,60200.0,43700.0,60800.0,114.0,1237.0,38700.0,34500.0,7200.0,19400.0,50500.0,70300.0,37400.0,243.0,330.0,664.0,139.0,1088.0,149.0,738.0,499.0,0.643,34500.0,42000.0,38700.0,32200.0,37800.0,45300.0,34800.0,44600.0,129.0,1016.0,41700.0,30300.0,0.69389766454696,150.0,1229.0,43000.0,38500.0,7300.0,23200.0,56600.0,82200.0,29900.0,0.717,158.0,1015.0,44400.0,32100.0,0.70935958623886,0.717,0.675,0.619
984,145813,169200,1692,Illinois State University,0.07999999821186,84.7900009155273,8.14999961853027,3.00999999046325,6.01999998092651,18.7800006866455,9.89999961853027,91.620002746582,74746.5,5.01999998092651,3.20000004768371,11.1700000762939,410.0,5559.0,51600.0,47100.0,16500.0,33600.0,64700.0,81200.0,31600.0,1054.0,1430.0,3075.0,549.0,4817.0,742.0,3103.0,2456.0,0.832,47000.0,50800.0,53600.0,46000.0,51900.0,49700.0,46000.0,58700.0,214.0,5946.0,41600.0,39600.0,12800.0,28800.0,52400.0,61700.0,21400.0,1008.0,1375.0,3563.0,476.0,5308.0,638.0,3189.0,2757.0,0.776,40700.0,40200.0,42500.0,34800.0,41500.0,42800.0,38700.0,45100.0,258.0,4997.0,40600.0,21900.0,0.7742645740509,305.0,5656.0,46700.0,43200.0,15500.0,30700.0,58500.0,71800.0,26800.0,0.814,384.0,5657.0,46800.0,29500.0,0.81757116317749,0.818,0.79,0.765
347,117140,121600,1216,University of La Verne,0.56999999284744,59.2599983215332,6.57000017166137,8.56999969482422,38.7000007629394,13.5699996948242,7.05000019073486,75.1500015258789,67082.29,10.7100000381469,4.55999994277954,11.0699996948242,221.0,1679.0,52700.0,49200.0,13200.0,30400.0,69000.0,96200.0,33600.0,554.0,640.0,485.0,130.0,566.0,1113.0,1212.0,467.0,0.811,47300.0,52100.0,59700.0,46800.0,50600.0,53800.0,48400.0,63800.0,139.0,1516.0,45800.0,41700.0,10800.0,25100.0,58700.0,70700.0,31000.0,544.0,520.0,452.0,115.0,512.0,1004.0,1020.0,496.0,0.714,39900.0,44300.0,54800.0,33900.0,37300.0,50200.0,42300.0,53000.0,144.0,1371.0,46200.0,37700.0,0.75127643346786,192.0,1609.0,49000.0,46400.0,12000.0,28400.0,64400.0,81300.0,32900.0,0.77,177.0,1490.0,54700.0,33800.0,0.8194630742073,0.781,0.757,0.714
1340,157289,199900,1999,University of Louisville,0.20999999344348,84.6500015258789,11.7100000381469,1.23000001907348,2.02999997138977,14.119999885559,8.78999996185302,96.0999984741211,59042.66,8.75,3.05999994277954,10.9300003051757,412.0,3272.0,48600.0,41800.0,10200.0,27200.0,61500.0,76600.0,47200.0,1178.0,1059.0,1035.0,523.0,2210.0,1062.0,1771.0,1501.0,0.765,48100.0,47700.0,50100.0,41100.0,48300.0,49200.0,41700.0,56700.0,256.0,3399.0,38200.0,34800.0,9900.0,23000.0,49400.0,60100.0,30200.0,1071.0,1034.0,1294.0,389.0,2518.0,881.0,1793.0,1606.0,0.693,37200.0,37200.0,39900.0,31100.0,37600.0,39900.0,34400.0,42500.0,270.0,2510.0,38200.0,43400.0,0.68247014284133,301.0,3182.0,42700.0,39100.0,10400.0,24700.0,55200.0,68900.0,27600.0,0.73,317.0,2746.0,42600.0,48500.0,0.71704298257827,0.734,0.698,0.655
2121,184782,260900,2609,Rowan University,0.14000000059604,79.5400009155273,11.6599998474121,3.36999988555908,7.73000001907348,16.6100006103515,8.25,89.5899963378906,76692.58,5.76000022888183,3.70000004768371,11.1999998092651,222.0,3078.0,55400.0,50000.0,14100.0,32800.0,67400.0,83700.0,41900.0,693.0,803.0,1582.0,297.0,2485.0,593.0,1630.0,1448.0,0.816,57300.0,52700.0,56000.0,44600.0,53900.0,61700.0,49000.0,62600.0,175.0,3367.0,39800.0,38500.0,11200.0,23000.0,52300.0,64300.0,23100.0,761.0,816.0,1790.0,307.0,2826.0,541.0,1753.0,1614.0,0.717,38000.0,39000.0,40900.0,33100.0,39500.0,41300.0,37700.0,42000.0,156.0,2799.0,44300.0,28200.0,0.75848519802093,183.0,3017.0,49000.0,47000.0,13400.0,29300.0,60400.0,78800.0,32100.0,0.791,201.0,2559.0,48600.0,29100.0,0.8085189461708,0.8,0.769,0.681
672,132903,395400,3954,University of Central Florida,0.2199999988079,80.0100021362304,11.329999923706,2.39000010490417,13.6700000762939,17.0200004577636,8.60999965667724,83.5699996948242,62518.63,7.17000007629394,2.98000001907348,11.0,957.0,9034.0,51200.0,45400.0,13000.0,30200.0,65300.0,86600.0,36200.0,3491.0,3002.0,2541.0,1354.0,6331.0,2703.0,5309.0,3725.0,0.792,49800.0,51400.0,53000.0,47400.0,51500.0,50600.0,45900.0,58900.0,891.0,11383.0,39900.0,37100.0,10500.0,24100.0,50700.0,63600.0,29100.0,4286.0,3730.0,3367.0,1486.0,7949.0,3434.0,6576.0,4807.0,0.707,38800.0,40600.0,40400.0,34500.0,39200.0,41500.0,37000.0,43700.0,727.0,7708.0,40700.0,25600.0,0.7407888174057,924.0,9884.0,45400.0,41400.0,12300.0,27400.0,58300.0,74800.0,28900.0,0.767,828.0,7702.0,46700.0,36400.0,0.77408462762832,0.777,0.741,0.68
900,142285,162600,1626,University of Idaho,0.15000000596046,90.2300033569336,1.07000005245208,1.70000004768371,6.07000017166137,16.579999923706,9.38000011444091,93.9400024414062,54125.14,8.27000045776367,4.23999977111816,10.869999885559,386.0,2919.0,47000.0,41900.0,11100.0,26600.0,61300.0,83100.0,32200.0,947.0,943.0,1029.0,454.0,2245.0,674.0,1274.0,1645.0,0.763,43900.0,46200.0,50600.0,39800.0,46900.0,47400.0,39100.0,53100.0,245.0,2684.0,35500.0,31800.0,8900.0,19900.0,46000.0,62500.0,25700.0,793.0,908.0,983.0,333.0,2164.0,520.0,1238.0,1446.0,0.62,34100.0,35400.0,36700.0,30400.0,35500.0,35500.0,31200.0,39200.0,272.0,2336.0,38400.0,27300.0,0.68321919441223,290.0,2673.0,43400.0,37400.0,10700.0,23300.0,56000.0,74800.0,40200.0,0.699,399.0,3170.0,43700.0,29600.0,0.74794954061508,0.734,0.671,0.59
3749,234030,373500,3735,Virginia Commonwealth University,0.17000000178813,69.1999969482422,23.2800006866455,3.46000003814697,4.09999990463256,19.6499996185302,11.4499998092651,91.120002746582,72221.8,6.53999996185302,2.77999997138977,11.119999885559,550.0,5478.0,49700.0,44000.0,12100.0,28100.0,64100.0,86100.0,35100.0,1472.0,1738.0,2268.0,563.0,4254.0,1224.0,3327.0,2151.0,0.779,51000.0,48600.0,49700.0,43700.0,47100.0,58500.0,46700.0,54300.0,416.0,5587.0,37500.0,34400.0,9700.0,21700.0,48700.0,65700.0,26600.0,1306.0,1819.0,2462.0,635.0,4541.0,1046.0,3287.0,2300.0,0.664,37600.0,38100.0,37000.0,32000.0,35700.0,45200.0,35800.0,39900.0,352.0,4319.0,40900.0,27600.0,0.72146332263946,465.0,5219.0,44200.0,39700.0,11600.0,24900.0,56700.0,75200.0,33800.0,0.727,468.0,4285.0,45400.0,33600.0,0.75099182128906,0.751,0.701,0.629
3174,215655,335900,3359,Robert Morris University,0.20000000298023,89.7900009155273,7.34999990463257,1.25999999046325,1.29999995231628,16.0200004577636,8.67000007629394,96.1600036621094,59274.33,6.65999984741211,3.06999993324279,10.9499998092651,145.0,1690.0,53100.0,47700.0,14600.0,31600.0,67000.0,84100.0,36500.0,416.0,584.0,690.0,192.0,1252.0,438.0,753.0,937.0,0.806,48400.0,52300.0,56700.0,50200.0,52300.0,55700.0,48500.0,56900.0,85.0,1337.0,40400.0,38400.0,13000.0,25200.0,53300.0,63600.0,23000.0,287.0,440.0,610.0,162.0,1117.0,220.0,596.0,741.0,0.733,36000.0,40300.0,42600.0,34800.0,39300.0,46000.0,37800.0,42500.0,93.0,1279.0,40000.0,23100.0,0.74589520692825,110.0,1638.0,48000.0,44800.0,12600.0,29400.0,62400.0,72400.0,29200.0,0.799,109.0,1431.0,46800.0,31000.0,0.80083858966827,0.795,0.77,0.703
3602,229115,364400,3644,Texas Tech University,0.07999999821186,79.7099990844726,6.09999990463257,2.49000000953674,21.4099998474121,19.1900005340576,9.06999969482422,90.8899993896484,65284.89,8.60000038146972,3.02999997138977,11.0,647.0,6481.0,61600.0,51400.0,14900.0,34500.0,77100.0,96800.0,52200.0,1542.0,1806.0,3133.0,800.0,5549.0,932.0,2918.0,3563.0,0.834,60200.0,59100.0,63700.0,52900.0,61400.0,62800.0,49500.0,71400.0,444.0,6162.0,46800.0,42200.0,13300.0,27800.0,59100.0,72300.0,30500.0,1665.0,1715.0,2782.0,660.0,5071.0,1091.0,2778.0,3384.0,0.771,45800.0,46000.0,48000.0,41100.0,46600.0,48000.0,40800.0,51800.0,476.0,5925.0,46000.0,36000.0,0.77890294790267,457.0,5713.0,54500.0,47700.0,14400.0,32300.0,67500.0,85700.0,41800.0,0.818,573.0,5669.0,51100.0,42200.0,0.81037217378616,0.822,0.804,0.747
3429,221971,352800,3528,Union University,0.28000000119209,79.120002746582,17.1000003814697,1.07000005245208,3.25,14.1000003814697,7.15999984741211,96.0899963378906,58820.27,8.92000007629394,3.32999992370605,10.9300003051757,87.0,643.0,49600.0,43200.0,9900.0,27700.0,64700.0,77900.0,34900.0,151.0,244.0,248.0,67.0,415.0,228.0,418.0,225.0,0.783,42700.0,47900.0,55300.0,35900.0,43500.0,60500.0,45400.0,57200.0,50.0,832.0,40900.0,35500.0,10100.0,22800.0,53500.0,74000.0,29300.0,222.0,288.0,322.0,90.0,481.0,351.0,539.0,293.0,0.673,35100.0,40000.0,45800.0,25800.0,34300.0,50000.0,39300.0,43900.0,51.0,563.0,42400.0,30400.0,0.73001778125762,57.0,775.0,44000.0,38500.0,12200.0,24000.0,57000.0,79700.0,31000.0,0.732,66.0,583.0,41800.0,28000.0,0.73584908246994,0.75,0.681,0.672
3885,238661,384800,3848,Edgewood College,0.23999999463558,92.4499969482422,2.77999997138977,1.91999995708465,2.80999994277954,19.7299995422363,10.8100004196167,95.3799972534179,68115.77,4.17000007629394,2.61999988555908,11.1000003814697,67.0,769.0,47600.0,43300.0,10900.0,28400.0,61400.0,76500.0,29600.0,198.0,258.0,313.0,55.0,509.0,260.0,566.0,203.0,0.783,44500.0,49000.0,48400.0,40300.0,47700.0,47300.0,45000.0,54900.0,48.0,749.0,41500.0,39500.0,14200.0,26900.0,54000.0,66400.0,21800.0,170.0,216.0,363.0,53.0,541.0,208.0,526.0,223.0,0.752,37500.0,44100.0,41800.0,33800.0,39300.0,47200.0,40600.0,43500.0,52.0,711.0,42000.0,24900.0,0.75527423620224,58.0,714.0,44100.0,40400.0,12000.0,28500.0,56500.0,75500.0,26000.0,0.791,55.0,617.0,44100.0,27000.0,0.77633708715438,0.758,0.756,0.734
1582,166452,216000,2160,Lesley University,0.33000001311302,84.0800018310547,6.59000015258789,3.9300000667572,5.76999998092651,20.1900005340576,14.2600002288818,86.2600021362304,73324.38,6.55000019073486,3.00999999046325,11.1499996185302,86.0,682.0,40500.0,38700.0,8200.0,22800.0,52600.0,67300.0,26500.0,170.0,235.0,277.0,62.0,394.0,288.0,560.0,122.0,0.691,34200.0,41500.0,43500.0,32700.0,39200.0,42200.0,39300.0,46100.0,73.0,695.0,33400.0,32200.0,5800.0,18200.0,44700.0,51700.0,26700.0,164.0,235.0,296.0,60.0,481.0,214.0,536.0,159.0,0.59,30300.0,34800.0,34000.0,26900.0,31400.0,37900.0,32800.0,35200.0,85.0,671.0,33500.0,22500.0,0.62295079231262,63.0,683.0,36800.0,35600.0,7900.0,22800.0,47500.0,60100.0,23000.0,0.645,112.0,765.0,37600.0,23500.0,0.70065361261367,0.661,0.647,0.587
3947,240727,393200,3932,University of Wyoming,0.2199999988079,90.8300018310547,1.50999999046325,1.12000000476837,7.17000007629394,16.8199996948242,8.81999969482422,95.7900009155273,56061.18,7.96999979019165,3.27999997138977,10.8900003433227,345.0,2683.0,54200.0,47300.0,11300.0,29500.0,68000.0,90700.0,41000.0,877.0,836.0,970.0,313.0,1851.0,832.0,1391.0,1292.0,0.773,55300.0,51600.0,55500.0,47700.0,53800.0,55000.0,44700.0,64400.0,184.0,2312.0,44200.0,38700.0,9600.0,24300.0,55800.0,70800.0,36200.0,709.0,660.0,943.0,242.0,1575.0,737.0,1247.0,1065.0,0.704,43500.0,43900.0,44900.0,37400.0,42500.0,47700.0,38900.0,50400.0,262.0,2627.0,43800.0,35000.0,0.71869051456451,218.0,2325.0,48400.0,42700.0,11800.0,27400.0,60600.0,83700.0,33800.0,0.779,284.0,2536.0,49000.0,42800.0,0.76222395896911,0.767,0.742,0.685
201,109785,111700,1117,Azusa Pacific University,0.31999999284744,68.4199981689453,4.34000015258789,8.48999977111816,27.7800006866455,16.8999996185302,8.88000011444091,79.370002746582,73950.46,7.94999980926513,3.82999992370605,11.1700000762939,248.0,2186.0,55900.0,51100.0,10100.0,29000.0,74300.0,92800.0,45100.0,490.0,647.0,1049.0,134.0,1284.0,902.0,1485.0,701.0,0.79,52100.0,51800.0,60200.0,47700.0,51600.0,62000.0,51700.0,64700.0,151.0,1918.0,48300.0,42000.0,9300.0,23300.0,66100.0,83100.0,35000.0,391.0,555.0,972.0,123.0,1233.0,685.0,1293.0,625.0,0.695,44400.0,48000.0,50000.0,38800.0,40800.0,61700.0,46200.0,52600.0,190.0,1990.0,48200.0,31700.0,0.75025123357772,143.0,1896.0,52500.0,47200.0,9900.0,26300.0,70700.0,89300.0,40000.0,0.744,208.0,1761.0,51700.0,34500.0,0.78137421607971,0.759,0.73,0.689
2137,185590,261700,2617,Montclair State University,0.17000000178813,71.7799987792968,12.8400001525878,6.21999979019165,15.0600004196167,18.5400009155273,10.4600000381469,76.4899978637695,79914.29,6.48000001907348,3.63000011444091,11.2299995422363,372.0,3442.0,52400.0,49600.0,12600.0,31100.0,66700.0,88200.0,33600.0,933.0,1141.0,1368.0,449.0,2682.0,760.0,2060.0,1382.0,0.799,49000.0,54500.0,52800.0,50000.0,52100.0,53400.0,48700.0,57800.0,320.0,4350.0,38200.0,36900.0,9600.0,22200.0,51500.0,64500.0,22900.0,1147.0,1266.0,1937.0,495.0,3503.0,847.0,2596.0,1754.0,0.69,36200.0,39300.0,38700.0,34500.0,37300.0,41800.0,36300.0,41000.0,285.0,2851.0,41900.0,24700.0,0.74605399370193,326.0,3795.0,45800.0,43600.0,11400.0,27500.0,58200.0,75500.0,28900.0,0.772,280.0,2490.0,48900.0,30900.0,0.7811244726181,0.786,0.743,0.657
3870,238032,382700,3827,West Virginia University,0.07999999821186,91.5100021362304,4.82000017166137,1.66999995708465,1.96000003814697,14.0500001907348,9.51000022888183,95.620002746582,57483.6,9.15999984741211,3.35999989509582,10.8800001144409,623.0,6326.0,52700.0,45800.0,13300.0,28800.0,68200.0,93600.0,37600.0,1375.0,1938.0,3013.0,783.0,5630.0,696.0,2914.0,3412.0,0.772,46200.0,51100.0,56600.0,45000.0,53000.0,50100.0,47100.0,57400.0,535.0,7217.0,39300.0,34500.0,9600.0,20800.0,50800.0,67100.0,33100.0,1609.0,2061.0,3547.0,810.0,6500.0,717.0,3188.0,4029.0,0.645,35600.0,38200.0,41700.0,31700.0,38900.0,43600.0,36400.0,41700.0,498.0,5538.0,41000.0,29900.0,0.69429397583007,590.0,6952.0,46000.0,40400.0,11000.0,25200.0,58900.0,79300.0,35100.0,0.742,419.0,4811.0,47400.0,33700.0,0.75327372550964,0.758,0.704,0.615
3498,225511,365200,3652,University of Houston,0.23000000417232,62.25,16.9799995422363,6.5,26.2999992370605,19.4899997711181,9.35999965667724,79.9700012207031,68874.27,9.92000007629394,3.81999993324279,11.0699996948242,914.0,7840.0,60600.0,51600.0,13600.0,33500.0,76400.0,100000.0,48000.0,3329.0,2664.0,1847.0,1449.0,5411.0,2429.0,4230.0,3610.0,0.828,60200.0,60400.0,61800.0,54700.0,58400.0,65500.0,53500.0,69100.0,745.0,7730.0,47100.0,43100.0,10800.0,26500.0,60900.0,77200.0,33300.0,3509.0,2423.0,1798.0,1471.0,5140.0,2590.0,4099.0,3631.0,0.751,47700.0,46500.0,46700.0,38700.0,43800.0,53700.0,43000.0,51600.0,744.0,6560.0,47700.0,37700.0,0.76676827669143,821.0,7451.0,55000.0,48300.0,13200.0,30700.0,70600.0,90900.0,41100.0,0.806,698.0,6171.0,52800.0,41300.0,0.80375951528549,0.81,0.78,0.73
2641,200280,300500,3005,University of North Dakota,0.12999999523162,91.1900024414062,1.29999995231628,1.30999994277954,2.5,16.9400005340576,6.88000011444091,96.1500015258789,56722.24,7.34000015258789,3.13000011444091,10.8999996185302,237.0,3837.0,57800.0,48700.0,18800.0,33700.0,70000.0,96400.0,48100.0,770.0,1179.0,1888.0,330.0,3207.0,630.0,1761.0,2076.0,0.842,62200.0,55400.0,57500.0,53200.0,55200.0,70900.0,47600.0,66400.0,131.0,2823.0,45400.0,41700.0,15100.0,28900.0,57100.0,70800.0,26300.0,520.0,800.0,1503.0,222.0,2338.0,485.0,1281.0,1542.0,0.791,45300.0,45200.0,45600.0,34800.0,43500.0,54700.0,41500.0,48700.0,181.0,3447.0,44300.0,32100.0,0.78532058000564,180.0,3098.0,53600.0,46800.0,17200.0,32800.0,65400.0,79000.0,41600.0,0.822,252.0,3433.0,52500.0,39400.0,0.82668220996856,0.823,0.814,0.768
3224,216852,331300,3313,Widener University,0.23000000417232,77.2099990844726,16.329999923706,3.10999989509582,3.97000002861023,16.2399997711181,9.39999961853027,91.7200012207031,69397.52,7.13000011444091,3.49000000953674,11.0900001525878,139.0,1385.0,59100.0,53400.0,16600.0,33300.0,76400.0,92200.0,44700.0,383.0,383.0,619.0,108.0,1025.0,360.0,739.0,646.0,0.838,63000.0,52100.0,61100.0,47300.0,56900.0,65400.0,54000.0,64900.0,60.0,1250.0,47500.0,45300.0,12400.0,29200.0,62700.0,79100.0,27700.0,263.0,362.0,625.0,126.0,965.0,285.0,655.0,595.0,0.78,45400.0,44900.0,49900.0,35000.0,46100.0,52300.0,46000.0,49200.0,103.0,1237.0,51300.0,31700.0,0.82457560300827,110.0,1397.0,53600.0,50700.0,16900.0,31200.0,71000.0,89300.0,31600.0,0.807,94.0,1157.0,54200.0,32800.0,0.82973206043243,0.8,0.791,0.762
743,136215,150900,1509,Nova Southeastern University,0.56000000238418,71.9300003051757,18.4799995422363,2.5,24.1900005340576,15.4600000381469,8.8100004196167,71.4499969482422,62876.89,9.19999980926513,3.63000011444091,11.0,360.0,2294.0,55600.0,45300.0,13300.0,27500.0,71300.0,112300.0,42400.0,1026.0,814.0,454.0,169.0,737.0,1557.0,1683.0,611.0,0.777,49500.0,58000.0,64900.0,49300.0,56700.0,55000.0,50800.0,68800.0,268.0,2305.0,47800.0,42300.0,10300.0,24200.0,64000.0,89000.0,33700.0,1035.0,772.0,498.0,166.0,848.0,1457.0,1668.0,637.0,0.717,46500.0,46900.0,51800.0,36000.0,38900.0,52900.0,46000.0,52400.0,252.0,1805.0,49200.0,37700.0,0.75900274515151,301.0,2299.0,53000.0,45000.0,11700.0,26900.0,70000.0,100200.0,42100.0,0.766,255.0,1750.0,55200.0,39100.0,0.80971425771713,0.744,0.739,0.708
3468,224226,356000,3560,Dallas Baptist University,0.43999999761581,71.9300003051757,14.3000001907348,3.31999993324279,17.1100006103515,18.9500007629394,8.06999969482422,88.3199996948242,71641.68,7.30000019073486,3.13000011444091,11.119999885559,185.0,1196.0,49200.0,43200.0,9300.0,23800.0,61000.0,81300.0,54300.0,331.0,449.0,416.0,76.0,564.0,632.0,729.0,467.0,0.74,41300.0,49100.0,55600.0,34600.0,46900.0,51200.0,42500.0,59600.0,125.0,1186.0,42900.0,38600.0,7700.0,23100.0,55500.0,68900.0,32000.0,323.0,415.0,448.0,98.0,541.0,645.0,715.0,471.0,0.709,33400.0,44600.0,48200.0,30600.0,37500.0,47400.0,39700.0,47700.0,124.0,1024.0,42000.0,43500.0,0.7216796875,143.0,1217.0,44800.0,41200.0,10000.0,23900.0,57600.0,76100.0,32700.0,0.712,150.0,1025.0,45300.0,32200.0,0.75317072868347,0.702,0.7,0.682
2532,198464,292300,2923,East Carolina University,0.18000000715255,70.3099975585937,23.9300003051757,1.50999999046325,4.25,16.0599994659423,7.84000015258789,93.9899978637695,57608.05,9.39999961853027,3.36999988555908,10.9099998474121,523.0,5394.0,45800.0,40500.0,13100.0,27600.0,57400.0,75400.0,34100.0,1557.0,1652.0,2185.0,666.0,4218.0,1176.0,3249.0,2145.0,0.78,42800.0,45300.0,48200.0,39700.0,46100.0,44800.0,42000.0,51500.0,361.0,5912.0,37300.0,34900.0,10100.0,23000.0,46900.0,57200.0,27600.0,1500.0,1838.0,2574.0,729.0,4797.0,1115.0,3378.0,2534.0,0.697,34200.0,37800.0,38700.0,30300.0,36300.0,41300.0,34700.0,40700.0,398.0,4717.0,37100.0,25800.0,0.72037309408187,424.0,5214.0,41700.0,37800.0,12200.0,25900.0,52800.0,66800.0,30900.0,0.747,404.0,4471.0,42300.0,30800.0,0.76649516820907,0.744,0.718,0.662
2008,180461,253200,2532,Montana State University,0.18000000715255,91.2200012207031,0.81999999284744,1.11000001430511,2.86999988555908,20.1599998474121,9.05000019073486,96.0999984741211,53207.14,8.57999992370605,3.78999996185302,10.8400001525878,395.0,3481.0,48900.0,43200.0,9700.0,26700.0,63500.0,84200.0,36000.0,1109.0,1220.0,1152.0,479.0,2611.0,870.0,1630.0,1851.0,0.744,45700.0,48400.0,52500.0,40600.0,49300.0,47500.0,41300.0,55500.0,229.0,2677.0,38000.0,33500.0,9000.0,21000.0,50900.0,62300.0,25200.0,847.0,832.0,998.0,418.0,2044.0,633.0,1270.0,1407.0,0.654,35400.0,39200.0,39300.0,31700.0,37700.0,39000.0,33900.0,41800.0,305.0,3114.0,37300.0,24900.0,0.65960180759429,264.0,3056.0,43300.0,38300.0,10200.0,24600.0,57000.0,72600.0,29000.0,0.725,292.0,3146.0,42300.0,30600.0,0.70375078916549,0.729,0.691,0.607
1754,172699,233000,2330,Western Michigan University,0.09000000357627,87.4899978637695,7.23999977111816,1.82000005245208,3.16000008583068,16.2099990844726,9.60999965667724,94.4899978637695,69141.32,5.59999990463256,3.22000002861023,11.1000003814697,600.0,7063.0,50500.0,45000.0,13200.0,29800.0,65000.0,80600.0,34400.0,1430.0,1794.0,3839.0,616.0,6065.0,998.0,3495.0,3568.0,0.793,46100.0,49100.0,52800.0,43400.0,51100.0,47100.0,42900.0,58000.0,362.0,5713.0,35300.0,32300.0,10300.0,19700.0,46800.0,60100.0,22000.0,1410.0,1606.0,2697.0,740.0,4818.0,895.0,2874.0,2839.0,0.61,31800.0,35300.0,37100.0,31300.0,35000.0,36700.0,31100.0,39500.0,426.0,6008.0,39000.0,26700.0,0.71155124902725,526.0,7580.0,42400.0,38200.0,12400.0,24900.0,54000.0,72600.0,33400.0,0.741,519.0,5903.0,44300.0,32500.0,0.76351010799407,0.77,0.696,0.587
693,133951,963500,9635,Florida International University,0.23999999463558,72.7200012207031,17.0100002288818,1.94000005722045,50.0999984741211,13.789999961853,9.11999988555908,52.1100006103515,58110.89,11.6000003814697,4.42000007629394,10.9200000762939,931.0,7200.0,52000.0,46300.0,12500.0,29200.0,67700.0,88000.0,36700.0,3690.0,2573.0,937.0,1479.0,4664.0,2536.0,4272.0,2928.0,0.783,51000.0,52500.0,54900.0,49300.0,50600.0,54600.0,48400.0,57300.0,791.0,7426.0,41500.0,38700.0,9000.0,23300.0,54400.0,67000.0,31100.0,3849.0,2569.0,1008.0,1879.0,4375.0,3051.0,4318.0,3108.0,0.704,39800.0,43600.0,42600.0,33800.0,39200.0,44800.0,39100.0,44800.0,746.0,5695.0,41700.0,29400.0,0.72467076778411,921.0,8086.0,46000.0,43000.0,11000.0,26500.0,60400.0,78900.0,30900.0,0.745,718.0,5357.0,48000.0,32200.0,0.77860742807388,0.764,0.731,0.684
3326,219356,347100,3471,South Dakota State University,0.10999999940395,93.5800018310547,0.64999997615814,0.74000000953674,1.83000004291534,15.4899997711181,6.03999996185302,97.4700012207031,53049.11,7.09000015258789,2.48000001907348,10.8500003814697,273.0,3872.0,50200.0,44400.0,15500.0,31200.0,62600.0,80000.0,32100.0,793.0,1506.0,1573.0,373.0,3300.0,572.0,1998.0,1874.0,0.808,48800.0,48700.0,52200.0,43500.0,49600.0,53200.0,44500.0,56200.0,146.0,3581.0,41100.0,37900.0,14400.0,27000.0,51400.0,63500.0,25100.0,719.0,1279.0,1583.0,400.0,3004.0,577.0,1818.0,1763.0,0.765,36700.0,40600.0,43400.0,34600.0,40800.0,42400.0,38100.0,44100.0,174.0,3367.0,40400.0,25900.0,0.7525987625122,200.0,3446.0,45600.0,40600.0,14200.0,28800.0,56200.0,72400.0,28500.0,0.797,189.0,2914.0,43700.0,28000.0,0.77522307634353,0.799,0.76,0.731
3642,230728,367700,3677,Utah State University,0.28999999165534,90.5599975585937,0.85000002384185,1.66999995708465,6.96000003814697,18.0599994659423,8.67000007629394,93.5699996948242,60534.36,7.38999986648559,3.56999993324279,10.9799995422363,1075.0,4313.0,49600.0,43200.0,6300.0,23100.0,67100.0,88000.0,42700.0,2171.0,1268.0,874.0,386.0,1923.0,2390.0,1895.0,2418.0,0.723,51500.0,47200.0,48400.0,41600.0,45200.0,53100.0,30400.0,64700.0,766.0,4359.0,37400.0,33900.0,5400.0,19000.0,50800.0,64100.0,31600.0,1931.0,1358.0,1070.0,307.0,2034.0,2325.0,2185.0,2174.0,0.632,37700.0,38200.0,35800.0,28700.0,33900.0,40500.0,26900.0,48000.0,992.0,4136.0,38800.0,31000.0,0.64869439601898,879.0,3837.0,43400.0,39400.0,6100.0,21800.0,59200.0,78200.0,30900.0,0.707,1236.0,4741.0,44900.0,40200.0,0.70301622152328,0.698,0.67,0.606
2664,201104,301200,3012,Ashland University,0.28000000119209,90.4199981689453,6.13000011444091,1.25,1.85000002384185,15.0100002288818,7.48999977111816,96.3000030517578,64491.65,5.88000011444091,2.65000009536743,11.039999961853,142.0,1529.0,42900.0,40400.0,12500.0,28600.0,52600.0,66800.0,30900.0,407.0,497.0,625.0,91.0,931.0,598.0,997.0,532.0,0.783,38300.0,43300.0,45600.0,36900.0,43300.0,42200.0,40300.0,47800.0,81.0,1293.0,36000.0,34300.0,11100.0,24300.0,44200.0,53000.0,20100.0,320.0,398.0,575.0,97.0,907.0,386.0,777.0,516.0,0.709,33300.0,33900.0,38900.0,30200.0,34900.0,38500.0,33700.0,39400.0,109.0,1415.0,35300.0,20000.0,0.71448761224746,100.0,1165.0,40000.0,37700.0,13500.0,26800.0,49800.0,59700.0,22900.0,0.751,101.0,1192.0,39900.0,23200.0,0.75838923454284,0.761,0.73,0.674
975,145619,176700,1767,Benedictine University,0.34000000357627,77.0899963378906,12.1000003814697,4.90000009536743,9.28999996185302,20.5200004577636,10.6700000762939,87.4000015258789,80587.19,4.84000015258789,3.16000008583068,11.25,116.0,792.0,56400.0,49000.0,15400.0,30100.0,71900.0,97500.0,45900.0,189.0,291.0,312.0,54.0,483.0,309.0,493.0,299.0,0.765,52400.0,51600.0,63200.0,56200.0,57800.0,54200.0,50300.0,66500.0,99.0,1025.0,43700.0,40000.0,7900.0,23500.0,57400.0,74700.0,29600.0,274.0,361.0,390.0,58.0,582.0,443.0,621.0,404.0,0.703,35500.0,44500.0,48500.0,35500.0,39900.0,48600.0,40900.0,47900.0,82.0,645.0,45300.0,30300.0,0.75348836183547,107.0,975.0,50400.0,46500.0,10300.0,28600.0,65900.0,84300.0,33600.0,0.77,82.0,657.0,54100.0,34800.0,0.82952815294265,0.773,0.76,0.697
2539,198561,292900,2929,Gardner-Webb University,0.40000000596046,80.0299987792968,15.539999961853,1.24000000953674,3.92000007629394,12.289999961853,5.59999990463256,95.0699996948242,54757.84,8.4399995803833,3.13000011444091,10.8800001144409,155.0,1170.0,41600.0,38700.0,10200.0,25600.0,53000.0,70200.0,26200.0,332.0,468.0,370.0,100.0,621.0,549.0,793.0,377.0,0.76,34400.0,42600.0,46700.0,36400.0,41000.0,42300.0,39000.0,46900.0,90.0,1092.0,35100.0,33200.0,10400.0,21500.0,44500.0,56400.0,22100.0,352.0,409.0,331.0,114.0,581.0,511.0,749.0,343.0,0.65,30000.0,35800.0,39700.0,26100.0,31900.0,38700.0,34500.0,36400.0,116.0,1076.0,36200.0,21900.0,0.70539033412933,126.0,1135.0,37700.0,35700.0,10600.0,23600.0,47700.0,62300.0,22200.0,0.71,131.0,1105.0,39100.0,23600.0,0.73031675815582,0.705,0.679,0.63
843,139940,157400,1574,Georgia State University,0.23999999463558,59.9399986267089,31.8500003814697,3.45000004768371,6.38000011444091,20.6200008392334,10.2600002288818,88.5899963378906,72190.32,7.78000020980835,3.52999997138977,11.1300001144409,685.0,5377.0,48200.0,43300.0,10200.0,26000.0,62700.0,81800.0,34000.0,2044.0,1935.0,1398.0,750.0,3589.0,1788.0,3332.0,2045.0,0.744,45600.0,49400.0,50200.0,43100.0,46900.0,50600.0,44100.0,54700.0,642.0,6459.0,38100.0,35200.0,8800.0,20900.0,50700.0,62800.0,24900.0,2455.0,2202.0,1802.0,843.0,4337.0,2122.0,3968.0,2491.0,0.666,37300.0,38900.0,38400.0,31000.0,35800.0,42900.0,36000.0,41600.0,597.0,4650.0,38400.0,26100.0,0.6836559176445,666.0,5576.0,43300.0,39400.0,9800.0,23400.0,56400.0,72200.0,30700.0,0.711,631.0,4641.0,43900.0,31000.0,0.73303169012069,0.725,0.689,0.63
3333,219471,347400,3474,University of South Dakota,0.28999999165534,92.4499969482422,1.05999994277954,0.89999997615814,2.34999990463256,16.5200004577636,6.96000003814697,96.9199981689453,53799.09,7.32000017166137,2.55999994277954,10.8599996566772,228.0,2665.0,49500.0,42000.0,12600.0,28600.0,58700.0,73400.0,45400.0,813.0,986.0,866.0,214.0,1658.0,1007.0,1670.0,995.0,0.79,53800.0,46600.0,48700.0,38800.0,45600.0,55800.0,44200.0,58300.0,149.0,2413.0,37100.0,35200.0,12400.0,23900.0,46900.0,58700.0,23000.0,662.0,868.0,883.0,183.0,1612.0,801.0,1605.0,808.0,0.707,34700.0,37300.0,38700.0,32100.0,36300.0,38800.0,35300.0,40800.0,167.0,2411.0,38700.0,35900.0,0.71464121341705,174.0,2759.0,44500.0,39700.0,13200.0,27600.0,53500.0,65200.0,37100.0,0.769,181.0,2186.0,42500.0,31100.0,0.75937783718109,0.76,0.742,0.671
1751,172644,232900,2329,Wayne State University,0.30000001192092,58.0900001525879,35.7299995422363,2.16000008583068,2.78999996185302,12.6899995803833,7.63999986648559,91.3000030517578,61912.62,11.5299997329711,4.65000009536743,10.9600000381469,897.0,5638.0,52300.0,40800.0,10100.0,23300.0,62700.0,93500.0,53900.0,2578.0,1795.0,1265.0,615.0,3227.0,2411.0,3429.0,2209.0,0.725,55500.0,48600.0,50800.0,40400.0,44500.0,62600.0,46700.0,61000.0,603.0,5191.0,37900.0,32600.0,6500.0,18700.0,50700.0,67000.0,29300.0,2560.0,1485.0,1146.0,819.0,3178.0,2013.0,3109.0,2082.0,0.608,36900.0,38200.0,39500.0,27200.0,33100.0,45300.0,35300.0,41700.0,672.0,3965.0,43300.0,42200.0,0.65573769807815,818.0,5249.0,44300.0,37100.0,8800.0,20400.0,57300.0,84200.0,39700.0,0.659,625.0,3406.0,48200.0,44400.0,0.71638286113739,0.695,0.639,0.578
663,132471,146600,1466,Barry University,0.5,68.2799987792968,21.7600002288818,2.24000000953674,29.5699996948242,14.1400003433227,8.72999954223632,67.1600036621093,58621.88,11.289999961853,4.21999979019165,10.9200000762939,293.0,2293.0,50900.0,45800.0,13800.0,29500.0,65800.0,93200.0,33500.0,816.0,906.0,571.0,280.0,967.0,1326.0,1648.0,645.0,0.792,46200.0,51000.0,57300.0,44100.0,46200.0,54300.0,48800.0,56100.0,209.0,1831.0,43700.0,39400.0,10700.0,23800.0,58100.0,77200.0,29600.0,680.0,682.0,469.0,253.0,784.0,1047.0,1292.0,539.0,0.741,35400.0,44100.0,55300.0,36600.0,34800.0,50400.0,41200.0,49900.0,258.0,1957.0,46500.0,32900.0,0.78129792213439,247.0,1996.0,47800.0,43000.0,11400.0,26500.0,61200.0,82800.0,38400.0,0.769,276.0,2213.0,51500.0,35000.0,0.81111615896224,0.765,0.738,0.694
897,142115,161600,1616,Boise State University,0.38999998569488,89.5899963378906,0.87000000476837,1.54999995231628,8.59000015258789,17.25,7.71999979019165,93.1999969482422,58298.66,7.19999980926513,3.35999989509582,10.9499998092651,846.0,5092.0,43100.0,37100.0,7800.0,22400.0,55800.0,75100.0,36400.0,2191.0,1883.0,1018.0,436.0,2372.0,2720.0,2671.0,2421.0,0.706,39700.0,45600.0,46100.0,39100.0,43400.0,42900.0,35700.0,51300.0,576.0,4883.0,35600.0,31000.0,6700.0,18600.0,45900.0,57800.0,33800.0,1927.0,1666.0,1290.0,522.0,2659.0,2224.0,2491.0,2392.0,0.596,33700.0,36000.0,37900.0,28000.0,34200.0,37200.0,31600.0,39700.0,725.0,4594.0,34800.0,29100.0,0.62494558095932,708.0,4802.0,39200.0,34000.0,8000.0,20900.0,50600.0,67300.0,33800.0,0.665,716.0,4230.0,39000.0,35300.0,0.67092198133468,0.668,0.629,0.569
813,138947,155900,1559,Clark Atlanta University,0.05000000074505,45.1699981689453,42.1599998474121,4.03000020980835,11.3900003433227,15.0600004196167,8.39000034332275,85.5100021362304,60451.55,12.079999923706,4.67000007629394,10.9399995803833,181.0,1458.0,38200.0,35500.0,6600.0,21200.0,50600.0,71600.0,24700.0,536.0,542.0,380.0,460.0,1315.0,143.0,1039.0,419.0,0.671,35100.0,37900.0,42800.0,34100.0,38200.0,38100.0,38100.0,38400.0,116.0,1261.0,28400.0,26700.0,5000.0,14500.0,37600.0,49000.0,18300.0,502.0,442.0,317.0,328.0,1168.0,93.0,916.0,345.0,0.492,27900.0,27700.0,30300.0,25300.0,27800.0,35700.0,28500.0,28100.0,155.0,1249.0,31000.0,21000.0,0.57085669040679,133.0,1404.0,32600.0,29800.0,7100.0,17300.0,43400.0,60400.0,21500.0,0.585,213.0,1364.0,35100.0,25900.0,0.62463343143463,0.637,0.536,0.469
2699,202134,303200,3032,Cleveland State University,0.38999998569488,72.4400024414062,22.579999923706,1.5900000333786,3.40000009536743,15.0900001525878,8.73999977111816,93.0199966430664,57782.89,9.92000007629394,3.6800000667572,10.8999996185302,508.0,3440.0,46400.0,41300.0,9700.0,24700.0,61000.0,77800.0,34700.0,1535.0,1178.0,727.0,427.0,1734.0,1706.0,1909.0,1531.0,0.747,43300.0,47800.0,50700.0,38000.0,44700.0,48200.0,42000.0,52000.0,377.0,3323.0,37200.0,34100.0,8000.0,20500.0,49400.0,65700.0,24300.0,1423.0,1106.0,794.0,397.0,1873.0,1450.0,1881.0,1442.0,0.661,33600.0,39700.0,40400.0,27800.0,34900.0,40200.0,34600.0,40600.0,403.0,2937.0,38200.0,25300.0,0.68403130769729,420.0,3209.0,42000.0,38100.0,8900.0,23600.0,55400.0,72800.0,27900.0,0.711,419.0,2882.0,41600.0,27600.0,0.72414988279342,0.711,0.676,0.619
1682,169798,225900,2259,Eastern Michigan University,0.23999999463558,76.5999984741211,17.3999996185302,2.60999989509582,2.69000005722045,16.1100006103515,10.5699996948242,93.2300033569336,69989.0,6.90000009536743,3.35999989509582,11.1099996566772,661.0,4895.0,43900.0,39300.0,9400.0,25000.0,55800.0,70700.0,31400.0,1483.0,1452.0,1960.0,569.0,3381.0,1514.0,2753.0,2142.0,0.723,40200.0,44000.0,46500.0,37200.0,43400.0,44800.0,38200.0,51200.0,475.0,5108.0,35300.0,32000.0,8800.0,19500.0,46700.0,57900.0,23600.0,1857.0,1445.0,1806.0,492.0,3396.0,1712.0,2856.0,2252.0,0.616,33000.0,35900.0,37300.0,27800.0,32800.0,40400.0,32900.0,38400.0,492.0,3979.0,34700.0,23800.0,0.62528270483016,506.0,4797.0,40100.0,36700.0,9300.0,22200.0,51600.0,65300.0,30700.0,0.686,536.0,3984.0,38900.0,30600.0,0.69653612375259,0.706,0.654,0.579
3358,220075,348700,3487,East Tennessee State University,0.25999999046325,93.1600036621093,4.26000022888183,0.68999999761581,1.53999996185302,12.1700000762939,6.65999984741211,97.4899978637695,47640.99,10.4899997711181,3.16000008583068,10.7399997711181,466.0,2781.0,40600.0,35100.0,8700.0,21100.0,51800.0,69400.0,31800.0,1150.0,938.0,693.0,463.0,1837.0,944.0,1585.0,1196.0,0.68,36900.0,43000.0,43400.0,35900.0,39700.0,42300.0,36500.0,46000.0,385.0,3379.0,32700.0,29500.0,6800.0,18400.0,42200.0,54500.0,24700.0,1329.0,1179.0,871.0,461.0,2359.0,1020.0,1919.0,1460.0,0.578,31900.0,32700.0,34100.0,25400.0,29900.0,39200.0,31700.0,34100.0,366.0,2506.0,33700.0,24400.0,0.6125299334526,412.0,3103.0,37100.0,33400.0,8300.0,20200.0,47500.0,63900.0,26600.0,0.631,394.0,2495.0,36800.0,36000.0,0.62885773181915,0.633,0.605,0.536
683,133669,148100,1481,Florida Atlantic University,0.33000001311302,74.9700012207031,16.9200000762939,2.05999994277954,14.6099996566772,16.0200004577636,8.85999965667724,77.3199996948242,63066.25,8.21000003814697,3.24000000953674,11.0,761.0,5646.0,48300.0,43200.0,11000.0,27500.0,61500.0,84800.0,33800.0,2543.0,1934.0,1169.0,894.0,3309.0,2337.0,3555.0,2091.0,0.762,46200.0,49200.0,51300.0,46400.0,47400.0,49600.0,45200.0,53700.0,623.0,5497.0,38800.0,36200.0,9300.0,22500.0,49400.0,64900.0,29300.0,2534.0,1838.0,1125.0,809.0,3137.0,2360.0,3287.0,2210.0,0.686,37300.0,40000.0,40000.0,32600.0,36100.0,42300.0,37400.0,40800.0,625.0,4462.0,39200.0,26000.0,0.71021962165832,626.0,5143.0,44200.0,40500.0,10200.0,25300.0,56600.0,73700.0,29900.0,0.736,663.0,4535.0,45200.0,38300.0,0.74487322568893,0.744,0.713,0.658
842,139931,157200,1572,Georgia Southern University,0.09000000357627,68.6100006103515,26.1100006103515,1.90999996662139,4.09000015258789,15.869999885559,8.42000007629394,93.2099990844726,62772.56,9.61999988555908,3.42000007629394,10.9700002670288,467.0,4392.0,46100.0,41900.0,12000.0,27400.0,59200.0,75900.0,29200.0,1108.0,1362.0,1922.0,572.0,3814.0,578.0,2134.0,2258.0,0.764,43200.0,44400.0,49100.0,39800.0,46400.0,44300.0,41100.0,50900.0,341.0,4483.0,36800.0,33700.0,9300.0,21100.0,48600.0,57600.0,26000.0,1100.0,1349.0,2034.0,594.0,3926.0,557.0,2081.0,2402.0,0.639,34700.0,34300.0,39500.0,30200.0,36300.0,39700.0,33300.0,39800.0,353.0,3485.0,36700.0,23400.0,0.68493545055389,373.0,4369.0,42500.0,38500.0,10700.0,25200.0,55500.0,67800.0,26900.0,0.73,379.0,3649.0,41500.0,26100.0,0.73828446865081,0.742,0.702,0.616
1120,151324,180700,1807,Indiana State University,0.17000000178813,88.6500015258789,7.84999990463257,0.91000002622604,2.65000009536743,11.4499998092651,7.19999980926513,96.9700012207031,56049.16,7.65999984741211,3.41000008583068,10.8999996185302,315.0,2966.0,42600.0,39000.0,9800.0,25900.0,55600.0,67400.0,26700.0,805.0,1033.0,1128.0,447.0,2417.0,549.0,1488.0,1478.0,0.729,40700.0,42100.0,44300.0,34600.0,41800.0,46200.0,37200.0,48000.0,199.0,2822.0,34400.0,31800.0,9200.0,20300.0,43600.0,56100.0,20900.0,836.0,946.0,1040.0,385.0,2200.0,622.0,1543.0,1279.0,0.626,30700.0,34100.0,37600.0,26800.0,32800.0,39900.0,31900.0,37400.0,258.0,2757.0,34100.0,21000.0,0.65614801645278,237.0,2662.0,38500.0,35400.0,9900.0,23200.0,49500.0,64000.0,23800.0,0.716,304.0,2901.0,37600.0,23100.0,0.70837640762329,0.715,0.665,0.595
1861,175856,241000,2410,Jackson State University,0.25,38.9099998474121,57.9199981689453,0.87000000476837,2.72000002861022,12.6000003814697,6.78000020980835,97.0899963378906,43401.54,19.1399993896484,5.32999992370605,10.619999885559,254.0,2093.0,33700.0,30000.0,9200.0,17400.0,44400.0,63100.0,23400.0,1288.0,601.0,204.0,697.0,1451.0,642.0,1199.0,894.0,0.594,31000.0,36800.0,42100.0,30900.0,34500.0,32000.0,31900.0,36300.0,188.0,1826.0,27800.0,25100.0,6100.0,14900.0,36100.0,47600.0,18600.0,1137.0,502.0,187.0,580.0,1251.0,575.0,1001.0,825.0,0.465,26100.0,29500.0,33100.0,24000.0,26800.0,29900.0,25900.0,30000.0,221.0,1556.0,27600.0,19600.0,0.49807196855545,217.0,1862.0,31200.0,28000.0,6900.0,16400.0,40200.0,53700.0,24700.0,0.527,233.0,1737.0,31800.0,21700.0,0.58031088113784,0.538,0.501,0.427
3508,226091,358100,3581,Lamar University,0.23000000417232,65.5699996948242,23.9699993133544,2.63000011444091,13.2200002670288,11.9499998092651,5.13000011444091,91.2600021362304,53474.77,12.4200000762939,4.19999980926513,10.8400001525878,392.0,2647.0,46000.0,39500.0,9400.0,24200.0,58800.0,89300.0,33600.0,1181.0,877.0,589.0,521.0,1733.0,914.0,1596.0,1051.0,0.743,42000.0,46200.0,53800.0,39800.0,45900.0,46300.0,38400.0,57600.0,249.0,2492.0,37200.0,32200.0,7500.0,18800.0,49700.0,65500.0,26200.0,1118.0,816.0,558.0,539.0,1726.0,766.0,1520.0,972.0,0.618,34900.0,38000.0,40700.0,27900.0,35900.0,40300.0,32700.0,44300.0,278.0,2204.0,37600.0,25100.0,0.66787660121917,265.0,2319.0,42000.0,36000.0,8500.0,21700.0,54800.0,76300.0,31400.0,0.692,376.0,2473.0,43600.0,32000.0,0.72219973802566,0.693,0.658,0.581
3701,232557,2053000,20530,Liberty University,0.37999999523162,79.1299972534179,14.329999923706,2.00999999046325,5.55999994277954,14.8400001525878,7.84000015258789,93.0,62401.61,7.59999990463257,3.08999991416931,10.9899997711181,961.0,4460.0,41400.0,36700.0,8000.0,20600.0,55100.0,77700.0,32100.0,1155.0,1694.0,1611.0,171.0,2869.0,1591.0,2278.0,2182.0,0.665,36400.0,40800.0,45500.0,37000.0,40500.0,43000.0,33700.0,49400.0,1605.0,8709.0,35800.0,32100.0,7600.0,18500.0,46900.0,59900.0,26100.0,2565.0,3245.0,2899.0,423.0,4014.0,4695.0,4603.0,4106.0,0.606,29700.0,36400.0,40600.0,28600.0,31400.0,39600.0,30800.0,41500.0,585.0,3514.0,33500.0,23400.0,0.61269211769104,984.0,5475.0,38600.0,34600.0,6500.0,19700.0,50800.0,64500.0,30500.0,0.648,367.0,1990.0,39400.0,29500.0,0.6668341755867,0.641,0.622,0.576
1928,177968,248000,2480,Lindenwood University,0.31000000238418,84.2300033569336,11.5699996948242,1.35000002384185,3.60999989509582,16.2099990844726,8.02999973297119,95.8600006103515,68730.21,6.15999984741211,3.20000004768371,11.0900001525878,218.0,2274.0,47000.0,41300.0,12200.0,26800.0,60300.0,76800.0,32900.0,482.0,730.0,1062.0,155.0,1483.0,791.0,1239.0,1035.0,0.752,38900.0,48200.0,49900.0,43300.0,44300.0,52100.0,41500.0,53600.0,179.0,2453.0,37900.0,34400.0,10400.0,22100.0,49300.0,61400.0,24200.0,666.0,764.0,1023.0,164.0,1454.0,999.0,1352.0,1101.0,0.679,31500.0,40300.0,40300.0,30000.0,33500.0,44300.0,35400.0,41000.0,149.0,1750.0,37500.0,25000.0,0.68000000715255,171.0,2286.0,43600.0,39400.0,11900.0,25800.0,55600.0,70500.0,28800.0,0.742,155.0,1728.0,42300.0,30400.0,0.74131941795349,0.735,0.718,0.645
3390,220978,351000,3510,Middle Tennessee State University,0.20999999344348,82.2900009155273,13.1899995803833,1.47000002861022,3.08999991416931,15.7600002288818,7.40000009536743,95.2699966430664,60340.43,7.84999990463257,3.23000001907348,10.9600000381469,726.0,5777.0,44400.0,38700.0,9900.0,25100.0,55600.0,72200.0,35800.0,1993.0,1886.0,1898.0,699.0,4118.0,1659.0,2980.0,2797.0,0.728,41700.0,44000.0,47700.0,37300.0,44000.0,45400.0,39000.0,50200.0,513.0,6701.0,33600.0,31200.0,8100.0,19400.0,43000.0,54700.0,25600.0,2219.0,2264.0,2218.0,877.0,5003.0,1698.0,3469.0,3232.0,0.621,32600.0,33900.0,34200.0,27300.0,32100.0,37900.0,31300.0,36100.0,498.0,4966.0,34900.0,32200.0,0.64699959754943,625.0,6062.0,39200.0,35600.0,9600.0,22800.0,49900.0,64800.0,26300.0,0.69,579.0,4770.0,38600.0,27500.0,0.6981132030487,0.708,0.663,0.574
1503,163453,208300,2083,Morgan State University,0.10000000149011,39.1800003051757,52.2599983215332,3.14000010490417,6.15000009536743,14.7600002288818,9.76000022888183,87.7600021362304,63566.62,10.5200004577636,4.48999977111816,11.0,260.0,2344.0,42600.0,40500.0,10100.0,23400.0,56300.0,77600.0,26600.0,804.0,919.0,621.0,377.0,1983.0,361.0,1262.0,1082.0,0.709,39900.0,42600.0,46000.0,42800.0,42700.0,42200.0,41400.0,44000.0,183.0,2195.0,30300.0,27900.0,5600.0,15700.0,41400.0,53500.0,20100.0,717.0,856.0,622.0,335.0,1843.0,352.0,1152.0,1043.0,0.531,28800.0,30800.0,31500.0,28400.0,29600.0,34300.0,30100.0,30600.0,204.0,1647.0,33500.0,21100.0,0.63387978076934,185.0,1898.0,35700.0,33200.0,7300.0,20200.0,47100.0,63400.0,22900.0,0.643,194.0,1644.0,41900.0,26100.0,0.74148416519165,0.693,0.602,0.498
102,105330,108200,1082,Northern Arizona University,0.30000001192092,74.9000015258789,2.47000002861022,2.22000002861022,18.75,16.3600006103515,9.4399995803833,88.9899978637695,59985.62,10.5299997329711,3.9300000667572,10.9399995803833,610.0,4439.0,44600.0,40100.0,10300.0,25700.0,57600.0,77800.0,31600.0,1601.0,1421.0,1417.0,513.0,2774.0,1665.0,2663.0,1776.0,0.757,42700.0,44600.0,46800.0,40500.0,44700.0,44500.0,39800.0,51900.0,537.0,5822.0,36900.0,34400.0,9500.0,21700.0,47900.0,61900.0,24700.0,1923.0,1777.0,2122.0,493.0,3825.0,1997.0,3484.0,2338.0,0.668,34600.0,37200.0,38900.0,30200.0,35000.0,40800.0,34800.0,40100.0,447.0,3855.0,37000.0,23200.0,0.6949416399002,562.0,4728.0,40900.0,37200.0,9900.0,23600.0,52400.0,69000.0,29900.0,0.711,510.0,4208.0,41900.0,26500.0,0.75118821859359,0.723,0.682,0.634
1035,147703,173700,1737,Northern Illinois University,0.10999999940395,77.9000015258789,12.289999961853,3.47000002861023,10.0900001525878,17.8999996185302,9.43000030517578,88.3799972534179,75712.57,5.80000019073486,3.52999997138977,11.1899995803833,533.0,6114.0,49800.0,45500.0,13000.0,29500.0,65300.0,82800.0,31400.0,1552.0,1825.0,2737.0,709.0,5061.0,1053.0,3121.0,2993.0,0.79,46300.0,49100.0,52300.0,42000.0,49600.0,50800.0,42300.0,57600.0,370.0,6271.0,39400.0,36800.0,11400.0,23300.0,52000.0,63700.0,24500.0,1781.0,1757.0,2733.0,672.0,5069.0,1202.0,3229.0,3042.0,0.71,36100.0,38600.0,42000.0,32700.0,38700.0,42300.0,35500.0,43500.0,405.0,5490.0,39600.0,28800.0,0.72185790538787,439.0,6081.0,45100.0,41800.0,12700.0,27800.0,58200.0,72400.0,27000.0,0.773,489.0,5235.0,45500.0,30700.0,0.77631330490112,0.768,0.746,0.664
1729,171571,230700,2307,Oakland University,0.2199999988079,80.5100021362304,14.0500001907348,2.58999991416931,2.24000000953674,16.4500007629394,9.31999969482422,91.6999969482422,78696.54,5.73999977111816,3.21000003814697,11.2200002670288,344.0,3065.0,48100.0,43100.0,11900.0,26200.0,63100.0,81000.0,34200.0,882.0,933.0,1250.0,328.0,2227.0,838.0,1984.0,1081.0,0.752,45000.0,49900.0,49000.0,43800.0,46200.0,53100.0,42600.0,58300.0,320.0,3872.0,39700.0,36000.0,9500.0,21700.0,53700.0,65200.0,26700.0,1137.0,1114.0,1621.0,340.0,2765.0,1107.0,2445.0,1427.0,0.674,37900.0,40300.0,40500.0,30100.0,37100.0,46000.0,37300.0,43800.0,272.0,2337.0,38900.0,27200.0,0.6743688583374,335.0,3375.0,45400.0,41100.0,10400.0,25000.0,59600.0,73200.0,31000.0,0.737,306.0,2334.0,43500.0,32900.0,0.72964864969253,0.73,0.708,0.641
3717,232982,372800,3728,Old Dominion University,0.28000000119209,67.5199966430664,25.5499992370605,2.9300000667572,3.69000005722045,15.8199996948242,8.94999980926513,92.7200012207031,63797.48,7.59999990463257,3.03999996185302,11.0200004577636,483.0,4370.0,48700.0,43700.0,13600.0,29900.0,64200.0,83800.0,30200.0,1341.0,1491.0,1538.0,377.0,2830.0,1540.0,2745.0,1625.0,0.801,45900.0,50000.0,49900.0,43200.0,47800.0,50300.0,43900.0,56800.0,462.0,5333.0,38300.0,35500.0,10700.0,22600.0,49900.0,64900.0,26700.0,1490.0,1661.0,2182.0,440.0,3670.0,1663.0,3124.0,2209.0,0.68,37200.0,38400.0,39100.0,32100.0,37100.0,41100.0,35200.0,42800.0,336.0,3768.0,41000.0,24600.0,0.73911887407302,434.0,4499.0,44000.0,40700.0,12600.0,26500.0,57000.0,76100.0,28300.0,0.758,362.0,3473.0,46200.0,28100.0,0.78721565008163,0.775,0.726,0.65
2956,209807,321600,3216,Portland State University,0.43000000715255,83.0299987792968,3.4300000667572,4.90999984741211,7.71999979019165,20.7099990844726,10.8100004196167,88.1100006103515,62889.32,7.1100001335144,4.07000017166137,11.0200004577636,901.0,5172.0,50800.0,44700.0,8700.0,25800.0,67100.0,89500.0,37700.0,2452.0,1553.0,1167.0,425.0,2482.0,2690.0,2788.0,2384.0,0.74,47300.0,54100.0,54000.0,44200.0,49700.0,51900.0,45100.0,57600.0,831.0,6076.0,38400.0,34500.0,7800.0,20100.0,50700.0,67700.0,28000.0,2825.0,1830.0,1421.0,470.0,2828.0,3248.0,3404.0,2672.0,0.65,35200.0,41600.0,40800.0,32600.0,35800.0,40700.0,35200.0,42600.0,737.0,4353.0,40400.0,27600.0,0.69745004177093,830.0,5256.0,44400.0,40000.0,8400.0,23800.0,58100.0,79400.0,32800.0,0.702,711.0,3918.0,46400.0,33900.0,0.73966306447982,0.729,0.694,0.621
3558,227881,360600,3606,Sam Houston State University,0.15999999642372,73.1600036621093,13.7299995422363,2.78999996185302,18.9799995422363,16.2099990844726,7.5,88.7799987792968,63900.24,9.5,3.5,11.0,479.0,4263.0,49700.0,44600.0,11900.0,30300.0,60500.0,78900.0,34500.0,1337.0,1408.0,1518.0,649.0,3252.0,1011.0,2400.0,1863.0,0.803,46400.0,49500.0,52600.0,42700.0,49200.0,51000.0,41600.0,60100.0,358.0,4666.0,39300.0,37400.0,10600.0,24400.0,49800.0,61200.0,22900.0,1564.0,1427.0,1675.0,683.0,3610.0,1056.0,2618.0,2048.0,0.736,38300.0,38900.0,40500.0,32700.0,38800.0,40700.0,35500.0,44000.0,315.0,3705.0,39800.0,24300.0,0.74278002977371,413.0,4491.0,45600.0,42000.0,11900.0,28600.0,56200.0,72300.0,29000.0,0.773,352.0,3376.0,43800.0,30100.0,0.78050947189331,0.777,0.76,0.691
457,122597,115400,1154,San Francisco State University,0.30000001192092,55.6100006103515,8.18000030517578,20.5699996948242,20.0400009155273,21.7299995422363,12.0699996948242,69.9199981689453,77495.51,7.82999992370605,3.44000005722045,11.2100000381469,944.0,6752.0,54700.0,49200.0,10300.0,29500.0,71200.0,92900.0,37900.0,3352.0,2020.0,1380.0,1037.0,3967.0,2785.0,4164.0,2588.0,0.785,54000.0,55300.0,55600.0,49800.0,53000.0,57200.0,51900.0,59300.0,758.0,6657.0,42100.0,38000.0,8700.0,22200.0,55500.0,68200.0,29100.0,3138.0,1948.0,1571.0,1122.0,4104.0,2553.0,3943.0,2714.0,0.679,42900.0,42100.0,40500.0,34500.0,38800.0,47500.0,41100.0,43600.0,828.0,5800.0,43300.0,29500.0,0.71844828128814,838.0,6918.0,49000.0,44000.0,10200.0,26100.0,62600.0,83200.0,38200.0,0.744,818.0,5396.0,48700.0,33700.0,0.7598220705986,0.769,0.728,0.664
3424,221838,352200,3522,Tennessee State University,0.23999999463558,54.7700004577636,39.4199981689453,1.74000000953674,4.15000009536743,14.1999998092651,6.98999977111816,93.9499969482422,53809.87,12.289999961853,4.23999977111816,10.8400001525878,282.0,2413.0,39800.0,35300.0,9500.0,21800.0,51300.0,70300.0,33700.0,1004.0,927.0,482.0,524.0,1646.0,767.0,1545.0,868.0,0.678,36000.0,42400.0,42900.0,34600.0,38000.0,43800.0,38800.0,41700.0,187.0,2126.0,31200.0,28500.0,7100.0,17900.0,41300.0,57900.0,19200.0,995.0,784.0,347.0,415.0,1473.0,653.0,1311.0,815.0,0.557,29400.0,32400.0,33500.0,26400.0,28300.0,37600.0,30600.0,32100.0,205.0,1931.0,33300.0,22100.0,0.61677885055542,190.0,2234.0,35500.0,33100.0,8400.0,19800.0,46500.0,64400.0,23800.0,0.636,210.0,1996.0,37700.0,24400.0,0.67885774374008,0.654,0.598,0.508
3425,221847,352300,3523,Tennessee Technological University,0.18000000715255,91.9499969482422,5.03000020980835,0.73000001907348,2.14000010490417,10.9499998092651,5.92000007629394,97.0500030517578,49227.15,10.1300001144409,3.10999989509582,10.7600002288818,248.0,2258.0,46700.0,40500.0,11400.0,27300.0,59400.0,79100.0,32300.0,775.0,861.0,622.0,353.0,1673.0,585.0,1088.0,1170.0,0.743,43500.0,46600.0,50800.0,39700.0,47300.0,44700.0,38300.0,54500.0,228.0,2671.0,35400.0,32800.0,10000.0,21300.0,44700.0,58800.0,23000.0,878.0,987.0,806.0,357.0,2074.0,597.0,1326.0,1345.0,0.654,32500.0,35800.0,38000.0,31000.0,35300.0,35800.0,31000.0,39800.0,186.0,1934.0,35700.0,22200.0,0.6887280344963,230.0,2324.0,40300.0,36100.0,10000.0,24100.0,52100.0,67800.0,25400.0,0.733,253.0,1887.0,42100.0,35000.0,0.72443032264709,0.741,0.678,0.605
3601,229063,364200,3642,Texas Southern University,0.18999999761581,42.2000007629394,38.8699989318847,4.80000019073486,24.329999923706,13.9799995422363,6.96999979019165,82.120002746582,53781.71,15.2299995422363,5.03999996185302,10.8199996948242,640.0,4168.0,37600.0,31300.0,6300.0,17300.0,47400.0,72500.0,35900.0,2370.0,1401.0,397.0,870.0,3033.0,1135.0,2264.0,1904.0,0.601,35900.0,39000.0,42700.0,31800.0,34200.0,46800.0,36200.0,39300.0,261.0,2203.0,30300.0,24700.0,4700.0,13500.0,38400.0,52200.0,26800.0,1311.0,672.0,220.0,1130.0,1654.0,549.0,1177.0,1026.0,0.465,29600.0,29800.0,36200.0,23700.0,26900.0,40600.0,29100.0,31800.0,567.0,3253.0,30300.0,27300.0,0.50261294841766,451.0,3295.0,34600.0,29000.0,5700.0,15600.0,44500.0,59600.0,29100.0,0.552,452.0,2334.0,35700.0,31700.0,0.58954584598541,0.567,0.524,0.431
3575,228459,361500,3615,Texas State University,0.18999999761581,76.0699996948242,7.19999980926513,2.65000009536743,28.6200008392334,19.1700000762939,9.21000003814697,88.4100036621093,66830.13,8.69999980926513,3.25999999046325,11.039999961853,761.0,7135.0,51100.0,45700.0,13500.0,31200.0,63600.0,82200.0,36800.0,2295.0,2183.0,2657.0,763.0,5259.0,1876.0,3943.0,3192.0,0.805,48300.0,50900.0,53800.0,45500.0,52000.0,48900.0,44700.0,59100.0,596.0,8151.0,40600.0,38300.0,10800.0,24300.0,51200.0,61200.0,26400.0,2672.0,2353.0,3126.0,929.0,6030.0,2121.0,4539.0,3612.0,0.722,38900.0,40400.0,42200.0,34000.0,40200.0,41800.0,37600.0,44400.0,519.0,6219.0,40900.0,27500.0,0.75655251741409,666.0,7606.0,46200.0,42400.0,12800.0,28700.0,56500.0,73600.0,34100.0,0.785,593.0,6066.0,45500.0,28500.0,0.79426312446594,0.789,0.759,0.69
3604,229179,364600,3646,Texas Woman's University,0.37999999523162,71.4599990844726,13.3100004196167,3.85999989509582,19.2000007629394,19.3099994659423,8.43000030517578,86.3600006103515,69739.2,8.19999980926513,3.27999997138977,11.0900001525878,287.0,2322.0,49100.0,44700.0,12000.0,27900.0,64400.0,83700.0,38500.0,935.0,728.0,659.0,187.0,1169.0,1153.0,2166.0,156.0,0.786,46300.0,49300.0,52900.0,45500.0,47200.0,51100.0,48100.0,62800.0,227.0,2695.0,42800.0,40400.0,11200.0,25700.0,54900.0,71700.0,31100.0,1039.0,932.0,724.0,276.0,1308.0,1387.0,2489.0,206.0,0.741,37600.0,44800.0,47600.0,35700.0,39600.0,45800.0,42500.0,46600.0,178.0,1935.0,44200.0,33700.0,0.76589149236679,254.0,2482.0,45900.0,42600.0,12500.0,28100.0,58400.0,77500.0,29600.0,0.77,186.0,1530.0,47600.0,28900.0,0.80000001192092,0.749,0.751,0.712
3426,221892,352600,3526,Trevecca Nazarene University,0.36000001430511,82.7399978637695,12.4399995803833,1.40999996662139,3.78999996185302,14.8199996948242,6.96999979019165,94.7200012207031,59625.44,7.88999986648559,3.03999996185302,10.9600000381469,84.0,626.0,49000.0,40500.0,10200.0,25100.0,61800.0,80900.0,39100.0,176.0,232.0,218.0,55.0,324.0,302.0,349.0,277.0,0.737,41000.0,47600.0,57100.0,40200.0,42600.0,55900.0,42900.0,56800.0,46.0,594.0,40700.0,36900.0,9600.0,24100.0,51800.0,75900.0,26500.0,148.0,217.0,229.0,68.0,321.0,273.0,308.0,286.0,0.688,33100.0,41300.0,45000.0,22800.0,32100.0,50800.0,35600.0,46200.0,60.0,528.0,40700.0,41300.0,0.68181818723678,54.0,639.0,43600.0,37100.0,7900.0,21900.0,58000.0,77700.0,32500.0,0.714,61.0,593.0,43900.0,31100.0,0.75210791826248,0.72,0.659,0.677
3388,220862,350900,3509,University of Memphis,0.30000001192092,55.2799987792968,40.6199989318847,1.48000001907348,2.75,14.8500003814697,7.67000007629394,95.7300033569336,58823.6,11.9899997711181,4.09999990463256,10.8999996185302,590.0,4543.0,43200.0,37400.0,8800.0,23200.0,54700.0,74200.0,35500.0,2078.0,1459.0,1006.0,560.0,2685.0,1858.0,2770.0,1773.0,0.702,40000.0,43900.0,48600.0,36300.0,41700.0,45400.0,38400.0,50700.0,360.0,4192.0,35100.0,31700.0,7700.0,19500.0,45300.0,57900.0,31300.0,1792.0,1318.0,1082.0,730.0,2772.0,1420.0,2508.0,1684.0,0.612,33200.0,35400.0,38000.0,27700.0,33200.0,38800.0,32800.0,38500.0,396.0,3251.0,36500.0,40000.0,0.62749922275543,520.0,4425.0,39000.0,34800.0,9600.0,21700.0,49900.0,68900.0,35100.0,0.67,476.0,3186.0,39800.0,27700.0,0.70213431119918,0.678,0.638,0.582
1403,159939,201500,2015,University of New Orleans,0.23999999463558,59.8300018310547,34.0099983215332,2.51999998092651,5.28000020980835,14.539999961853,7.92999982833862,93.5299987792968,51940.24,14.0,4.05000019073486,10.8199996948242,545.0,3528.0,43500.0,37800.0,9500.0,22900.0,55700.0,77600.0,32100.0,1701.0,1154.0,673.0,836.0,2429.0,1099.0,1980.0,1548.0,0.707,40500.0,44100.0,50100.0,38100.0,42500.0,45700.0,39100.0,49200.0,194.0,1745.0,35200.0,31500.0,6700.0,17700.0,46600.0,58400.0,24300.0,867.0,503.0,375.0,588.0,1130.0,615.0,970.0,775.0,0.624,33700.0,36700.0,36600.0,27300.0,31900.0,41200.0,32100.0,39000.0,396.0,2997.0,35400.0,25600.0,0.6252919435501,234.0,1863.0,40300.0,34500.0,7900.0,20800.0,51200.0,69600.0,41500.0,0.643,506.0,3413.0,40500.0,32700.0,0.69030177593231,0.673,0.632,0.568
568,127741,134900,1349,University of Northern Colorado,0.14000000059604,84.9499969482422,2.54999995231628,2.54999995231628,14.2600002288818,21.1299991607666,10.7399997711181,91.5999984741211,72445.43,5.5,2.77999997138977,11.1400003433227,399.0,3360.0,47100.0,42000.0,11100.0,29000.0,59700.0,74500.0,32700.0,728.0,1055.0,1577.0,328.0,2663.0,697.0,2047.0,1313.0,0.767,44200.0,46200.0,49000.0,40900.0,47100.0,47200.0,42300.0,54700.0,205.0,2939.0,35300.0,33800.0,10400.0,22300.0,45100.0,58200.0,20300.0,633.0,865.0,1441.0,312.0,2422.0,517.0,1766.0,1173.0,0.685,34000.0,34800.0,36300.0,29100.0,34800.0,37700.0,33300.0,38400.0,287.0,2827.0,36500.0,21900.0,0.70286524295806,301.0,3132.0,40900.0,38100.0,10500.0,25700.0,52700.0,67200.0,24800.0,0.744,331.0,2856.0,41000.0,33300.0,0.73774510622024,0.763,0.712,0.64
3536,227216,359400,3594,University of North Texas,0.2199999988079,75.2699966430664,11.0699996948242,3.51999998092651,17.0699996948242,20.4099998474121,8.9399995803833,88.1299972534179,72891.36,7.21000003814697,3.08999991416931,11.1300001144409,926.0,7968.0,49300.0,45000.0,11700.0,28800.0,61600.0,79500.0,35100.0,2499.0,2532.0,2937.0,853.0,5626.0,2342.0,4427.0,3541.0,0.789,47700.0,48600.0,51200.0,44500.0,48400.0,51300.0,44200.0,55600.0,686.0,8887.0,39300.0,37600.0,10100.0,23800.0,50100.0,61300.0,25800.0,2961.0,2692.0,3234.0,960.0,6153.0,2734.0,4980.0,3907.0,0.704,37500.0,39900.0,40400.0,33100.0,37700.0,42800.0,37000.0,42300.0,604.0,6587.0,39100.0,24900.0,0.72233188152313,890.0,8536.0,43900.0,41100.0,11300.0,26600.0,54900.0,70000.0,29400.0,0.762,711.0,6260.0,43800.0,29700.0,0.75575077533721,0.759,0.73,0.678
51,102094,105700,1057,University of South Alabama,0.31999999284744,71.4300003051757,24.6800003051757,1.46000003814697,1.70000004768371,13.5699996948242,7.28000020980835,96.5,51919.71,12.5,3.90000009536743,10.8100004196167,497.0,3095.0,46800.0,37800.0,10500.0,22200.0,57000.0,78800.0,45500.0,1317.0,993.0,785.0,457.0,1807.0,1288.0,1923.0,1172.0,0.703,44500.0,47900.0,49200.0,36600.0,43200.0,51900.0,39300.0,59000.0,372.0,3199.0,35100.0,31500.0,6800.0,18300.0,46400.0,64100.0,24100.0,1417.0,963.0,819.0,454.0,1993.0,1206.0,1921.0,1278.0,0.623,32200.0,36200.0,38800.0,26700.0,32900.0,38700.0,32500.0,39000.0,370.0,2645.0,37300.0,28400.0,0.63931947946548,408.0,2948.0,42400.0,35800.0,8600.0,21100.0,53000.0,73200.0,38900.0,0.656,386.0,2712.0,43300.0,40500.0,0.70538347959518,0.666,0.636,0.562
1879,176372,244100,2441,University of Southern Mississippi,0.23999999463558,68.0999984741211,28.9799995422363,0.99000000953674,1.83000004291534,12.3900003433227,6.71999979019165,97.2300033569336,46990.98,14.4399995803833,3.99000000953674,10.7100000381469,583.0,4617.0,42700.0,36400.0,10400.0,23700.0,52700.0,74400.0,38700.0,2174.0,1405.0,1038.0,859.0,3111.0,1506.0,2782.0,1835.0,0.725,39900.0,44300.0,46300.0,38600.0,43000.0,41900.0,36700.0,51700.0,408.0,3931.0,33500.0,30200.0,9300.0,18600.0,43600.0,56800.0,27300.0,1822.0,1151.0,958.0,839.0,2661.0,1270.0,2342.0,1589.0,0.599,30300.0,36500.0,36100.0,28200.0,33000.0,34500.0,30800.0,37500.0,409.0,4088.0,35800.0,25000.0,0.66903132200241,503.0,4195.0,38200.0,34000.0,11100.0,21100.0,49000.0,66700.0,26000.0,0.662,498.0,4094.0,39800.0,26700.0,0.71714705228805,0.676,0.633,0.552
2827,206084,313100,3131,University of Toledo,0.15000000596046,83.0500030517578,12.7799997329711,1.16999995708465,2.99000000953674,13.6999998092651,7.3600001335144,96.0899963378906,60626.38,7.76999998092651,3.24000000953674,10.9700002670288,617.0,5525.0,52800.0,43800.0,11700.0,27000.0,66000.0,83600.0,45300.0,1632.0,1594.0,2299.0,648.0,4360.0,1165.0,2736.0,2789.0,0.764,49500.0,52000.0,55700.0,37000.0,51000.0,59500.0,46700.0,58700.0,435.0,5876.0,37900.0,33400.0,9600.0,20600.0,50100.0,65400.0,27300.0,1747.0,1778.0,2351.0,599.0,4760.0,1116.0,2883.0,2993.0,0.643,33400.0,37200.0,41900.0,30200.0,37400.0,40400.0,34700.0,41000.0,478.0,4659.0,41100.0,32500.0,0.69607210159301,467.0,5197.0,45100.0,39600.0,10800.0,24100.0,59200.0,77900.0,32400.0,0.735,557.0,4875.0,43800.0,30700.0,0.729641020298,0.737,0.691,0.609
878,141334,160100,1601,University of West Georgia,0.20000000298023,71.5100021362304,23.6000003814697,1.53999996185302,3.94000005722045,14.7100000381469,7.09000015258789,93.6900024414062,66454.08,7.48000001907348,3.02999997138977,11.0600004196167,332.0,2891.0,41700.0,38200.0,10000.0,24200.0,53000.0,69000.0,28200.0,814.0,1040.0,1037.0,327.0,2201.0,690.0,1728.0,1163.0,0.723,39200.0,40500.0,44900.0,38200.0,41100.0,43700.0,38100.0,47100.0,325.0,3199.0,33900.0,31600.0,8900.0,19600.0,44300.0,56100.0,20800.0,971.0,1126.0,1102.0,391.0,2375.0,824.0,1898.0,1301.0,0.619,32400.0,33600.0,35600.0,28500.0,31000.0,42300.0,33100.0,35100.0,277.0,2266.0,33100.0,22300.0,0.62268316745758,310.0,2893.0,39100.0,36500.0,9700.0,22700.0,50400.0,60500.0,25200.0,0.681,267.0,2135.0,37900.0,24300.0,0.70070254802703,0.693,0.675,0.581
876,141264,159900,1599,Valdosta State University,0.15999999642372,67.9100036621093,27.1399993896484,1.55999994277954,3.98000001907348,13.6899995803833,7.15999984741211,94.1699981689453,57353.47,10.7399997711181,3.24000000953674,10.8999996185302,349.0,2954.0,41600.0,38700.0,11300.0,24600.0,52900.0,68600.0,27200.0,871.0,1022.0,1061.0,343.0,2281.0,673.0,1761.0,1193.0,0.736,37700.0,42300.0,44200.0,38000.0,41800.0,40800.0,37900.0,47100.0,244.0,3077.0,33200.0,31500.0,9000.0,19300.0,42700.0,53200.0,20500.0,960.0,976.0,1141.0,423.0,2531.0,546.0,1826.0,1251.0,0.612,31600.0,33300.0,34400.0,28700.0,32400.0,36800.0,31400.0,35700.0,247.0,2472.0,34200.0,20500.0,0.66868931055068,272.0,2885.0,37300.0,34500.0,11100.0,21900.0,47300.0,61900.0,23700.0,0.688,275.0,2272.0,38600.0,24700.0,0.71919012069702,0.691,0.65,0.579
1301,156125,195000,1950,Wichita State University,0.33000001311302,83.0199966430664,7.46999979019165,2.59999990463256,6.80999994277954,16.8400001525878,7.8600001335144,93.8300018310547,60078.99,6.90000009536743,3.08999991416931,10.9600000381469,457.0,3204.0,45400.0,40400.0,9700.0,25100.0,58500.0,78100.0,32800.0,1120.0,1121.0,963.0,373.0,1851.0,1353.0,1895.0,1309.0,0.738,41400.0,46200.0,49200.0,38900.0,45600.0,45200.0,39400.0,54100.0,288.0,3077.0,38900.0,36000.0,9000.0,23100.0,49500.0,63300.0,28600.0,1065.0,1013.0,999.0,270.0,1845.0,1232.0,1755.0,1322.0,0.703,35500.0,40500.0,40800.0,32000.0,38100.0,40000.0,35200.0,43700.0,361.0,2843.0,37800.0,25200.0,0.68343299627304,389.0,3124.0,42800.0,38800.0,9100.0,24500.0,54300.0,70100.0,33000.0,0.718,425.0,3032.0,41600.0,30800.0,0.71932715177536,0.707,0.696,0.671
899,142276,162000,1620,Idaho State University,0.37000000476837,89.5199966430664,0.64999997615814,0.91000002622604,8.19999980926513,14.6800003051757,6.98999977111816,94.870002746582,52463.75,8.97000026702881,3.90000009536743,10.8500003814697,806.0,3892.0,43900.0,35700.0,6800.0,20100.0,59200.0,82600.0,38400.0,1827.0,1396.0,669.0,366.0,1807.0,2085.0,1923.0,1969.0,0.661,42500.0,43800.0,47700.0,36900.0,42600.0,44900.0,32700.0,54700.0,457.0,2948.0,34900.0,30700.0,5200.0,16700.0,48000.0,64100.0,25600.0,1333.0,1060.0,555.0,321.0,1388.0,1560.0,1523.0,1425.0,0.595,32100.0,36500.0,38300.0,28300.0,32700.0,36800.0,28700.0,41500.0,678.0,3447.0,36300.0,29600.0,0.60110241174697,527.0,3192.0,39400.0,33100.0,5800.0,18200.0,52300.0,75100.0,30300.0,0.619,765.0,3515.0,41000.0,34600.0,0.64751064777374,0.633,0.595,0.553
646,131113,794800,7948,Wilmington University,0.49000000953674,73.3799972534179,20.3600006103515,1.99000000953674,5.05000019073486,14.6300001144409,7.98000001907348,92.7799987792968,66924.87,6.82000017166137,3.52999997138977,11.079999923706,147.0,1230.0,46600.0,42500.0,11700.0,26800.0,59900.0,78200.0,32300.0,369.0,481.0,380.0,59.0,513.0,717.0,864.0,366.0,0.754,38900.0,49500.0,50500.0,37100.0,44100.0,48400.0,43300.0,54600.0,160.0,1763.0,40800.0,36800.0,9600.0,23700.0,52300.0,66100.0,26300.0,537.0,668.0,558.0,92.0,723.0,1040.0,1164.0,599.0,0.718,33900.0,42800.0,45100.0,29500.0,34600.0,45100.0,39200.0,44000.0,119.0,1002.0,39100.0,23600.0,0.70958083868026,145.0,1347.0,44500.0,39500.0,9700.0,25700.0,56000.0,71500.0,31000.0,0.758,82.0,895.0,45000.0,29100.0,0.78770947456359,0.736,0.722,0.69
